Symbol,Date,Open,High,Low,Close,Volume
AAL,09 Oct 2018,36.3,36.39,33.41,33.55,19662600
AAME,09 Oct 2018,2.68,2.78,2.45,2.71,1600
AAOI,09 Oct 2018,22.68,23.33,22.25,22.56,1008600
AAON,09 Oct 2018,34.62,35.075,33.95,34,148900
AAPL,09 Oct 2018,223.64,227.27,222.25,226.87,26891000
AAWW,09 Oct 2018,59.43,59.76,55.75,55.95,564600
AAXJ,09 Oct 2018,65.67,66.1,65.48,65.74,1689400
AAXN,09 Oct 2018,63.41,64.77,62.17,62.84,499700
ABCB,09 Oct 2018,45.73,45.9,45.4,45.66,227600
ABDC,09 Oct 2018,6.04,6.04,5.99,6.03,21200
ABEO,09 Oct 2018,11.05,11.31,10.69,10.77,698800
ABEOW,09 Oct 2018,6.21,6.21,6.21,6.21,100
ABIL,09 Oct 2018,3.4,3.4,3.21,3.23,86100
ABIO,09 Oct 2018,10.98,11.52,10.8,11.16,415300
ABMD,09 Oct 2018,397.35,408.87,393.96,395.08,536300
ABTX,09 Oct 2018,42.16,43.45,41.52,42.25,33600
ABUS,09 Oct 2018,8.99,8.99,5.895,6,3802000
ACAD,09 Oct 2018,21.03,21.595,20.74,21.16,2651900
ACBI,09 Oct 2018,17.12,17.51,16.91,16.94,112800
ACER,09 Oct 2018,28.1,29.105,27.305,28.15,28600
ACGL,09 Oct 2018,28.8,29.03,28.72,28.87,855400
ACGLO,09 Oct 2018,22.31,22.45,22.28,22.44,39900
ACGLP,09 Oct 2018,22,22.33,22,22.22,109000
ACHC,09 Oct 2018,37.02,39.27,36.49,38.69,2217200
ACHN,09 Oct 2018,3.43,3.505,3.27,3.27,732800
ACHV,09 Oct 2018,2.51,2.52,2.44,2.45,206000
ACIA,09 Oct 2018,38.07,39,37.71,37.91,367100
ACIU,09 Oct 2018,7.35,8,7.35,7.95,449400
ACIW,09 Oct 2018,26.62,26.79,26.15,26.43,613200
ACLS,09 Oct 2018,17.81,18,17.42,17.63,279200
ACMR,09 Oct 2018,10.68,11.2,10.68,11.1,20100
ACNB,09 Oct 2018,38.49,38.49,37.03,37.03,7500
ACOR,09 Oct 2018,17.51,17.67,16.29,16.36,1160400
ACRS,09 Oct 2018,13.21,13.59,12.84,13.09,512300
ACRX,09 Oct 2018,2.9,2.96,2.65,2.65,4554500
ACST,09 Oct 2018,1.29,1.29,1.15,1.24,1499600
ACT,09 Oct 2018,27.42,27.64,27.09,27.21,6200
ACTG,09 Oct 2018,3.19,3.3,3.12,3.15,94600
ACWI,09 Oct 2018,72.43,72.9,72.3,72.69,1526800
ACWX,09 Oct 2018,45.87,46.21,45.73,46.1,596900
ADAP,09 Oct 2018,13.06,13.52,11.85,13.34,720600
ADBE,09 Oct 2018,254.16,258.72,251.71,254.16,2597700
ADES,09 Oct 2018,11.6,11.74,11.4,11.46,52500
ADI,09 Oct 2018,86.62,86.95,85.59,86.76,3950200
ADIL,09 Oct 2018,2.6,2.96,2.6,2.96,1900
ADILW,09 Oct 2018,0.28,0.28,0.28,0.28,0
ADMA,09 Oct 2018,5.72,6.005,5.568,5.94,219600
ADMP,09 Oct 2018,3.08,3.11,2.97,3.05,384000
ADMS,09 Oct 2018,17.33,17.81,17.02,17.49,508200
ADP,09 Oct 2018,149.5,152.36,149.22,150.14,1398600
ADRA,09 Oct 2018,30.95,30.96,30.95,30.96,600
ADRD,09 Oct 2018,21.85,21.88,21.83,21.83,28500
ADRE,09 Oct 2018,39.12,39.44,39.12,39.2,2600
ADRO,09 Oct 2018,6.12,6.68,6.12,6.52,458700
ADRU,09 Oct 2018,21.05,21.33,21.05,21.18,1700
ADSK,09 Oct 2018,146.52,148.13,142.7,142.86,2442400
ADTN,09 Oct 2018,17.14,17.67,17.03,17.58,230700
ADUS,09 Oct 2018,66.96,69.35,66.875,67.89,171400
ADVM,09 Oct 2018,5.47,5.78,5.26,5.74,373900
ADXS,09 Oct 2018,12,12.75,11.85,12.6,397900
AEGN,09 Oct 2018,23.92,24.32,23.74,24.12,90500
AEHR,09 Oct 2018,1.97,1.97,1.85,1.85,39400
AEIS,09 Oct 2018,47.85,48.19,47.38,47.65,329900
AEMD,09 Oct 2018,1.11,1.19,1.11,1.11,20000
AERI,09 Oct 2018,53.7,55.48,53.04,53.21,297300
AEY,09 Oct 2018,1.38,1.38,1.35,1.37,3200
AEYE,09 Oct 2018,9.1,9.4,8.65,8.9,6100
AEZS,09 Oct 2018,1.67,1.74,1.65,1.66,46800
AFH,09 Oct 2018,9.72,9.92,9.66,9.78,8100
AFIN,09 Oct 2018,14.31,14.93,14.29,14.79,127300
AFMD,09 Oct 2018,3.45,3.9,3.24,3.5,5045300
AGEN,09 Oct 2018,2.03,2.09,1.95,1.97,1343500
AGFS,09 Oct 2018,6.29,6.42,6.21,6.24,96500
AGFSW,09 Oct 2018,0.2,0.2,0.2,0.2,1000
AGIO,09 Oct 2018,67.74,69.13,65,65.86,628700
AGLE,09 Oct 2018,9.63,9.93,9.39,9.51,124600
AGMH,09 Oct 2018,35,35,34.95,34.95,1000
AGNC,09 Oct 2018,18.24,18.3,18.13,18.25,4330800
AGNCB,09 Oct 2018,25.2,25.2,25.16,25.2,9900
AGNCN,09 Oct 2018,25.6,25.63,25.45,25.54,36600
AGND,09 Oct 2018,44.34,44.34,44.34,44.34,0
AGRX,09 Oct 2018,0.92,1.1,0.68,0.71,58765600
AGTC,09 Oct 2018,6.48,6.74,6.35,6.36,192800
AGYS,09 Oct 2018,15.46,15.6,15.39,15.44,53300
AGZD,09 Oct 2018,47.95,47.98,47.82,47.82,6400
AHPI,09 Oct 2018,2.12,2.14,2.12,2.12,3000
AIA,09 Oct 2018,58.55,58.77,58.2,58.56,40800
AIHS,09 Oct 2018,4.22,4.27,4.17,4.17,15600
AIMC,09 Oct 2018,41.7,42.16,41.22,41.32,1881500
AIMT,09 Oct 2018,26.06,26.51,25.91,26.19,369300
AINV,09 Oct 2018,16.23,16.485,16.11,16.47,1085600
AIQ,09 Oct 2018,15.05,15.109,14.95,14.995,7900
AIRG,09 Oct 2018,12.58,12.94,12.35,12.78,27600
AIRR,09 Oct 2018,27.27,27.36,27.2,27.2,19900
AIRT,09 Oct 2018,34.46,38.8,34.46,37.89,8800
AKAM,09 Oct 2018,65.19,65.86,64.79,64.93,1269600
AKBA,09 Oct 2018,8.53,8.76,8.45,8.5,256300
AKCA,09 Oct 2018,29.48,31.33,28.77,29.91,553700
AKER,09 Oct 2018,0.34,0.385,0.34,0.354,2484400
AKRX,09 Oct 2018,6.29,6.66,6.29,6.46,4173800
AKTS,09 Oct 2018,6.54,6.86,6.53,6.6,79600
AKTX,09 Oct 2018,2.01,2.14,2.01,2.11,27400
ALBO,09 Oct 2018,29.97,30.96,29.71,30.7,23100
ALCO,09 Oct 2018,33.12,33.51,33.12,33.29,4500
ALDX,09 Oct 2018,12.66,13,12.52,12.75,153000
ALGN,09 Oct 2018,341.59,346.77,336.02,340.97,1025500
ALGR,09 Oct 2018,9.56,9.56,9.56,9.56,5800
ALGRR,09 Oct 2018,0.39,0.39,0.39,0.39,1000
ALGRU,09 Oct 2018,10.3,10.3,10.3,10.3,0
ALGRW,09 Oct 2018,0.5,0.5,0.4,0.4,700
ALGT,09 Oct 2018,118.94,120.4,117.3,119,208100
ALIM,09 Oct 2018,0.93,0.99,0.93,0.94,38000
ALJJ,09 Oct 2018,1.69,1.69,1.63,1.63,3300
ALKS,09 Oct 2018,43.96,44.43,42.06,43.2,780600
ALLK,09 Oct 2018,31.93,36,31.93,35.28,353600
ALLT,09 Oct 2018,6.15,6.21,6.05,6.13,34600
ALNA,09 Oct 2018,10.19,10.59,10.19,10.39,23900
ALNY,09 Oct 2018,82.58,83.64,80.95,81.68,791500
ALOT,09 Oct 2018,21.09,21.265,20.645,20.86,20600
ALPN,09 Oct 2018,6,6,4.89,5.25,70700
ALRM,09 Oct 2018,49.16,49.87,48.51,48.7,539800
ALRN,09 Oct 2018,2.68,2.73,2.56,2.6,21100
ALSK,09 Oct 2018,1.78,1.86,1.77,1.78,83500
ALT,09 Oct 2018,4.93,4.99,4.43,4.63,2335800
ALTR,09 Oct 2018,40.68,41.45,39.68,39.91,293700
ALTY,09 Oct 2018,14.65,14.87,14.65,14.86,9900
ALXN,09 Oct 2018,129.66,132.27,128.535,130.58,1384500
AMAG,09 Oct 2018,22.04,22.69,21.26,22.54,752700
AMAL,09 Oct 2018,19.72,19.81,19.485,19.66,26800
AMAT,09 Oct 2018,36.53,36.58,35.69,35.72,13392600
AMBA,09 Oct 2018,34.6,35.02,33.81,33.9,514800
AMBC,09 Oct 2018,19.77,20.21,19.59,20.11,242600
AMBCW,09 Oct 2018,9.56,9.7,9.47,9.7,1900
AMCA,09 Oct 2018,28.46,28.55,28.44,28.47,2200
AMCX,09 Oct 2018,64.28,64.28,59.31,59.96,3361900
AMD,09 Oct 2018,26.15,27.71,26,27.24,105461700
AMED,09 Oct 2018,116.48,121.23,116.48,118.86,300600
AMEH,09 Oct 2018,19.73,21.5,19.73,20.09,45800
AMGN,09 Oct 2018,205.75,208.08,204.49,206,2509100
AMKR,09 Oct 2018,6.89,6.96,6.82,6.85,1005200
AMNB,09 Oct 2018,37.56,38.35,37.28,37.94,27700
AMOT,09 Oct 2018,47.74,49.51,47,47.38,35700
AMPH,09 Oct 2018,18.81,19.2,18.78,19.02,128900
AMRB,09 Oct 2018,15.38,15.43,15.36,15.36,900
AMRH,09 Oct 2018,1.22,1.25,1.2,1.235,72900
AMRHW,09 Oct 2018,0.18,0.18,0.18,0.18,0
AMRK,09 Oct 2018,13.23,13.44,13.04,13.04,8400
AMRN,09 Oct 2018,18.53,19.03,16.65,17.6,24536400
AMRS,09 Oct 2018,8.65,9.285,8.62,9.2,2073800
AMSC,09 Oct 2018,6.85,7.01,6.67,6.86,34900
AMSF,09 Oct 2018,62.44,63.46,61.38,63.05,55900
AMSWA,09 Oct 2018,11.95,12.14,11.87,12,228100
AMTD,09 Oct 2018,52.82,53.42,52.385,53.05,2171600
AMTX,09 Oct 2018,1.56,1.73,1.33,1.61,2311400
AMWD,09 Oct 2018,74.65,74.65,70.94,71.86,299600
AMZN,09 Oct 2018,1859.99,1896.68,1852.32,1870.32,4772800
ANAB,09 Oct 2018,89.78,91.59,86.09,87.1,342900
ANAT,09 Oct 2018,126.66,129.43,126.38,127.7,60800
ANDE,09 Oct 2018,37.37,38.13,36.725,37.37,130700
ANGI,09 Oct 2018,20.69,21.07,19.83,19.91,1041200
ANGO,09 Oct 2018,20.44,20.84,19.935,20.35,201900
ANIK,09 Oct 2018,43.01,43.22,41.37,41.65,103800
ANIP,09 Oct 2018,54.73,56.39,54.54,55.5,69000
ANIX,09 Oct 2018,5.25,5.69,5.25,5.62,185000
ANSS,09 Oct 2018,167.49,170.45,164.65,165.84,771800
ANY,09 Oct 2018,0.35,0.35,0.32,0.34,395200
AOBC,09 Oct 2018,14.32,14.83,14.32,14.6,1045200
AOSL,09 Oct 2018,9.95,10.19,9.91,9.95,70700
APDN,09 Oct 2018,1.4,1.5,1.38,1.44,50300
APDNW,09 Oct 2018,0.2,0.2,0.2,0.2,10100
APEI,09 Oct 2018,29.8,30.71,29.18,30.56,87800
APEN,09 Oct 2018,7.05,7.05,6.75,6.78,12700
APLS,09 Oct 2018,15.78,16.29,15.39,15.82,139400
APOG,09 Oct 2018,41.19,41.52,40.53,40.64,169100
APOP,09 Oct 2018,4.72,4.8,4.72,4.72,7000
APOPW,09 Oct 2018,1.3,1.3,1.3,1.3,200
APPF,09 Oct 2018,67.57,69.12,65.73,67,179600
APPN,09 Oct 2018,27.01,27.83,25.71,27,657300
APPS,09 Oct 2018,1.32,1.37,1.31,1.34,228700
APTO,09 Oct 2018,2.05,2.12,1.81,1.9,2961600
APTX,09 Oct 2018,26.16,27.6,25.74,27.39,42300
APVO,09 Oct 2018,4.56,4.685,4.39,4.52,144200
APWC,09 Oct 2018,2.35,2.44,2.35,2.44,5000
AQB,09 Oct 2018,3.02,3.075,2.96,3.05,7400
AQMS,09 Oct 2018,2.67,2.78,2.67,2.7,179300
AQST,09 Oct 2018,15.55,15.92,14.67,14.8,97500
ARAY,09 Oct 2018,4.14,4.34,4.14,4.18,620600
ARCB,09 Oct 2018,42.77,43.92,41.94,42.32,296000
ARCC,09 Oct 2018,16.65,16.84,16.58,16.83,1633100
ARCE,09 Oct 2018,22.25,22.69,22,22.18,58400
ARCT,09 Oct 2018,7.35,7.63,7.21,7.38,31400
ARDS,09 Oct 2018,12.81,12.96,12.4,12.4,1400
ARDX,09 Oct 2018,3.96,4.09,3.85,4,179300
AREX,09 Oct 2018,2.16,2.23,2.15,2.18,79900
ARGX,09 Oct 2018,71.2,72.6,68.69,69.13,223200
ARKR,09 Oct 2018,22.76,23.2,22.76,23.15,700
ARLP,09 Oct 2018,20.68,20.835,20.531,20.63,308600
ARNA,09 Oct 2018,39.56,40.85,39.29,39.76,646700
AROW,09 Oct 2018,37.16,37.55,37.16,37.24,11200
ARPO,09 Oct 2018,3,3,2.8,2.8,41100
ARQL,09 Oct 2018,4.08,4.25,4.04,4.16,925000
ARTNA,09 Oct 2018,35.48,36.53,35.48,35.81,12500
ARTW,09 Oct 2018,2.36,2.39,2.3,2.3,14200
ARTX,09 Oct 2018,3.03,3.12,3,3.01,147000
ARVN,09 Oct 2018,14.75,15.4,14.75,14.79,27700
ARWR,09 Oct 2018,13.5,14.32,13.15,13.76,2835300
ARYAU,09 Oct 2018,10.15,10.21,10.15,10.18,128700
ASET,09 Oct 2018,27.55,27.615,27.52,27.599,1600
ASFI,09 Oct 2018,3.95,4.07,3.9,3.9,3300
ASLN,09 Oct 2018,7.67,7.67,7.02,7.16,800
ASMB,09 Oct 2018,26.04,26.91,25.14,25.3,266700
ASML,09 Oct 2018,180.68,183.96,180.39,182.95,596000
ASNA,09 Oct 2018,4.2,4.49,4.18,4.34,2348800
ASND,09 Oct 2018,66.26,67.65,64.98,65.28,49000
ASPS,09 Oct 2018,32,32.5,31.265,31.44,22600
ASPU,09 Oct 2018,6.87,6.94,6.55,6.66,36700
ASRT,09 Oct 2018,5.77,5.8,5.56,5.66,398400
ASRV,09 Oct 2018,4.26,4.27,4.26,4.26,6100
ASRVP,09 Oct 2018,28.32,28.32,28.32,28.32,200
ASTC,09 Oct 2018,2.33,2.44,2.28,2.33,45700
ASTE,09 Oct 2018,51.35,51.44,50.89,51.18,88600
ASUR,09 Oct 2018,10.8,11.35,10.74,11.33,327200
ASYS,09 Oct 2018,4.75,4.92,4.72,4.74,91800
ATAX,09 Oct 2018,5.58,5.58,5.53,5.55,35800
ATEC,09 Oct 2018,2.97,3.27,2.97,3,45600
ATHX,09 Oct 2018,2.11,2.17,2.11,2.11,600100
ATIS,09 Oct 2018,3.2,3.36,2.8,3.28,1013600
ATISW,09 Oct 2018,0.15,0.15,0.15,0.15,900
ATLC,09 Oct 2018,3.94,3.94,3.45,3.56,18600
ATLO,09 Oct 2018,28.4,28.64,27,28.44,10400
ATNI,09 Oct 2018,72.39,73.47,72.09,73.12,87900
ATNX,09 Oct 2018,14.4,14.58,14.12,14.25,159900
ATOM,09 Oct 2018,5.92,6.2,5.92,6.06,26100
ATOS,09 Oct 2018,1.67,1.8,1.6,1.67,205400
ATRA,09 Oct 2018,37.47,38.19,36,36.92,690800
ATRC,09 Oct 2018,32.65,33.63,32.14,32.5,233500
ATRI,09 Oct 2018,683.675,696.25,683.675,684.46,7700
ATRO,09 Oct 2018,40.58,40.9,39.65,40.39,113400
ATRS,09 Oct 2018,3.7,3.83,3.61,3.64,1828600
ATSG,09 Oct 2018,22.49,22.54,21.77,21.81,377700
ATVI,09 Oct 2018,76.88,78.85,76.62,77.64,4617800
ATXI,09 Oct 2018,2.48,2.54,2.48,2.5,2600
AUBN,09 Oct 2018,39.99,40,39.44,39.62,2300
AUDC,09 Oct 2018,9.66,9.8,9.61,9.67,57500
AUPH,09 Oct 2018,6.13,6.24,5.93,5.95,517700
AUTL,09 Oct 2018,28.42,28.825,27,27.12,27900
AUTO,09 Oct 2018,2.67,2.75,2.63,2.66,11400
AVAV,09 Oct 2018,102.7,103.57,97.36,98.38,418100
AVDL,09 Oct 2018,4.39,4.7,4.39,4.66,94200
AVEO,09 Oct 2018,2.87,2.94,2.81,2.86,1138100
AVGO,09 Oct 2018,240.59,245.73,240.37,244.7,2467500
AVGR,09 Oct 2018,12.2,12.2,11.5,11.6,355000
AVID,09 Oct 2018,5.77,5.94,5.75,5.78,170000
AVNW,09 Oct 2018,16.28,16.74,16.2,16.5,18100
AVRO,09 Oct 2018,24.91,26.525,23.8,24.16,79400
AVT,09 Oct 2018,41.71,41.82,41.29,41.6,1401200
AVXL,09 Oct 2018,2.49,2.69,2.49,2.59,324400
AWRE,09 Oct 2018,3.75,3.75,3.63,3.63,3300
AWSM,09 Oct 2018,8,8.3,7.84,8.05,122300
AXAS,09 Oct 2018,2.33,2.445,2.32,2.34,1436900
AXDX,09 Oct 2018,18.39,19.03,18,18.005,291000
AXGN,09 Oct 2018,34.8,35.86,34.27,34.32,522200
AXSM,09 Oct 2018,3.37,3.46,3.15,3.2,278200
AXTI,09 Oct 2018,6.35,6.49,6.34,6.44,372800
AY,09 Oct 2018,20.29,20.58,20.24,20.25,155600
AYTU,09 Oct 2018,1.21,1.24,1.1,1.12,459200
AZPN,09 Oct 2018,105.47,107.66,105,106.31,479400
AZRX,09 Oct 2018,2.36,2.4,2.22,2.24,30400
BAND,09 Oct 2018,54.31,57,54.31,54.83,164200
BANF,09 Oct 2018,60.95,61.99,60.95,61.57,37400
BANFP,09 Oct 2018,27.51,27.51,27.51,27.51,0
BANR,09 Oct 2018,61.38,62.02,61.35,61.66,132100
BANX,09 Oct 2018,21.99,22.1,21.82,21.95,6900
BASI,09 Oct 2018,1.5,1.5,1.45,1.45,31200
BATRA,09 Oct 2018,26.3,26.5,25.82,25.85,34200
BATRK,09 Oct 2018,26.27,26.55,25.81,25.82,80200
BBBY,09 Oct 2018,14.11,14.43,13.85,13.92,4677400
BBGI,09 Oct 2018,6.85,6.89,6.55,6.73,25300
BBH,09 Oct 2018,128.93,130.4,128.87,129.58,11500
BBSI,09 Oct 2018,64.94,67.24,64.94,66.64,53700
BCBP,09 Oct 2018,13.68,14.06,13.68,13.74,22700
BCLI,09 Oct 2018,3.65,3.8,3.65,3.65,43200
BCML,09 Oct 2018,26.35,26.75,25.44,26.28,37000
BCOM,09 Oct 2018,9.59,9.59,9.59,9.59,0
BCOR,09 Oct 2018,36.21,36.98,35.04,36.03,983200
BCOV,09 Oct 2018,8.08,8.27,8.03,8.05,83100
BCPC,09 Oct 2018,104.36,105.82,103.835,104.08,123700
BCRX,09 Oct 2018,6.76,6.98,6.73,6.8,343700
BCTF,09 Oct 2018,15.75,15.75,15.75,15.75,100
BDGE,09 Oct 2018,32.47,32.69,32,32.2,45200
BDSI,09 Oct 2018,3.29,3.5,3.27,3.4,1333100
BEAT,09 Oct 2018,53.57,55.22,52.6,53.6,437400
BECN,09 Oct 2018,33.25,33.72,32.86,33.33,1022200
BELFA,09 Oct 2018,19.7,20.2,19.28,20.2,400
BELFB,09 Oct 2018,24.53,25.25,24.53,24.79,17300
BFIN,09 Oct 2018,15.38,15.58,15.3,15.43,59700
BFIT,09 Oct 2018,19,19,18.68,18.76,5500
BFRA,09 Oct 2018,13.23,13.23,13.23,13.23,0
BFST,09 Oct 2018,26,26.9,26,26.62,22200
BGCP,09 Oct 2018,11.51,11.61,11.36,11.42,1524900
BGFV,09 Oct 2018,5.19,5.45,5.19,5.22,443100
BGNE,09 Oct 2018,146.58,147.09,142.02,142.25,208800
BHF,09 Oct 2018,46.21,46.45,45.5,45.77,664000
BHFAL,09 Oct 2018,24.29,24.49,23.95,23.97,75100
BHTG,09 Oct 2018,3.21,3.29,3.11,3.11,8700
BIB,09 Oct 2018,62,63.21,61.68,61.96,75900
BICK,09 Oct 2018,25.74,26.13,25.74,25.97,11300
BIDU,09 Oct 2018,201.8,203.36,199.42,200.85,3134800
BIIB,09 Oct 2018,342.74,346.42,341.15,344.57,778800
BILI,09 Oct 2018,13.31,13.535,13,13.17,2463000
BIOC,09 Oct 2018,2.37,2.48,2.29,2.4,189300
BIOL,09 Oct 2018,1.51,1.64,1.51,1.56,35700
BIOS,09 Oct 2018,3.04,3.125,3.02,3.08,440600
BIS,09 Oct 2018,17.47,17.47,17.14,17.45,56500
BJRI,09 Oct 2018,67.97,69.65,67.82,69.21,447600
BKCC,09 Oct 2018,5.87,5.99,5.86,5.96,441200
BKEP,09 Oct 2018,2.32,2.37,2.16,2.19,114200
BKEPP,09 Oct 2018,6.32,6.33,6.26,6.27,34400
BKNG,09 Oct 2018,1901,1915.66,1869.21,1870.5,327800
BKSC,09 Oct 2018,20.4,20.4,20.4,20.4,200
BKYI,09 Oct 2018,1.45,1.47,1.36,1.45,8600
BL,09 Oct 2018,47.9,49.08,46.02,46.12,504600
BLBD,09 Oct 2018,23.56,23.56,23.18,23.18,390500
BLCM,09 Oct 2018,5.81,5.95,5.59,5.62,223100
BLCN,09 Oct 2018,22.47,22.585,22.372,22.525,21500
BLDP,09 Oct 2018,4.16,4.18,3.96,4.02,1200800
BLDR,09 Oct 2018,14.03,14.18,13.46,13.5,1973400
BLFS,09 Oct 2018,12.78,13.8,12.76,13.22,190500
BLIN,09 Oct 2018,47,50,45,46.5,314400
BLKB,09 Oct 2018,69.62,80.35,69.62,77.38,3610700
BLMN,09 Oct 2018,20.3,20.67,20.07,20.23,880900
BLNK,09 Oct 2018,2.15,2.27,2.05,2.07,114900
BLNKW,09 Oct 2018,0.78,0.81,0.72,0.78,2500
BLPH,09 Oct 2018,1.24,1.25,1.17,1.17,248800
BLRX,09 Oct 2018,19.35,19.35,17.85,18.225,1551700
BLUE,09 Oct 2018,133.53,137.925,130.16,136.27,808800
BMCH,09 Oct 2018,18.35,18.51,17.79,17.84,375600
BMLP,09 Oct 2018,50.93,50.93,50.93,50.93,0
BMRA,09 Oct 2018,3.57,3.57,3.52,3.53,5100
BMRC,09 Oct 2018,41.6,42.815,41.6,42.17,11600
BMRN,09 Oct 2018,101.11,104.98,101.11,104.27,1445000
BMTC,09 Oct 2018,46.68,47.515,46.55,46.7,87800
BND,09 Oct 2018,77.74,77.89,77.735,77.89,4273200
BNDW,09 Oct 2018,74.1,74.135,74.08,74.135,4600
BNDX,09 Oct 2018,54.16,54.17,54.13,54.16,968400
BNFT,09 Oct 2018,36.51,36.8,36.08,36.44,227100
BNGO,09 Oct 2018,6.75,6.99,6.5,6.94,17400
BNGOW,09 Oct 2018,2.27,7.15,2.27,2.95,11000
BNSO,09 Oct 2018,2.72,2.72,2.69,2.7,3900
BNTC,09 Oct 2018,2.42,2.42,2.36,2.4,13000
BNTCW,09 Oct 2018,0.14,0.14,0.14,0.14,0
BOCH,09 Oct 2018,12.13,12.29,12,12.22,38500
BOKF,09 Oct 2018,96.08,96.5,95.5,96.23,170400
BOKFL,09 Oct 2018,24.3,24.62,24.3,24.62,4400
BOLD,09 Oct 2018,36.19,37.3,36.13,36.7,225200
BOMN,09 Oct 2018,29.78,29.81,29,29.36,35400
BOOM,09 Oct 2018,37.86,38.51,37.63,37.64,65500
BOSC,09 Oct 2018,2.29,2.32,2.29,2.32,5000
BOTJ,09 Oct 2018,15.75,15.75,15.75,15.75,400
BOTZ,09 Oct 2018,21.51,21.64,21.45,21.53,643600
BOXL,09 Oct 2018,2.7,2.74,2.57,2.64,23100
BPFH,09 Oct 2018,14.17,14.29,14.09,14.2,560600
BPMC,09 Oct 2018,69.37,72.18,68.41,68.61,289900
BPOP,09 Oct 2018,51.81,52.17,51.29,51.99,471400
BPOPM,09 Oct 2018,24.4,24.52,24.25,24.52,1800
BPOPN,09 Oct 2018,25.47,25.5,25.46,25.49,4500
BPR,09 Oct 2018,20.36,20.41,20.1,20.24,1082800
BPRAP,09 Oct 2018,24.18,24.65,24.17,24.65,90000
BPRN,09 Oct 2018,30.6,31.17,30.31,30.79,10700
BPTH,09 Oct 2018,11,12,10.6,11.2,371800
BPY,09 Oct 2018,20.39,20.39,20.13,20.26,2743900
BREW,09 Oct 2018,17.77,18.09,17.27,17.3,120200
BRID,09 Oct 2018,16.95,17,16.95,17,1400
BRKL,09 Oct 2018,16.79,17.05,16.77,16.97,262500
BRKR,09 Oct 2018,32.22,32.89,32.01,32.34,1034200
BRKS,09 Oct 2018,31.85,32.17,31.325,32.08,614200
BRPA,09 Oct 2018,10.02,10.04,10.01,10.02,21400
BRPAR,09 Oct 2018,0.5,0.5,0.5,0.5,0
BRPAW,09 Oct 2018,0.335,0.337,0.317,0.318,1000
BRY,09 Oct 2018,17.6,18.07,17,17.98,323200
BSET,09 Oct 2018,21.5,21.97,21.5,21.64,50500
BSGM,09 Oct 2018,5.3,5.46,5.1,5.21,37900
BSQR,09 Oct 2018,2.13,2.34,2.13,2.14,9100
BSRR,09 Oct 2018,27.94,28.51,27.94,28.11,28700
BSTC,09 Oct 2018,59.64,62.24,59.51,59.51,33200
BSVN,09 Oct 2018,18.06,18.5,18.05,18.15,21000
BTAI,09 Oct 2018,6.66,6.8,6.55,6.76,9000
BTEC,09 Oct 2018,33.9,33.9,33.85,33.85,400
BURG,09 Oct 2018,2.21,2.462,2.21,2.375,27300
BUSE,09 Oct 2018,30.77,31.03,30.7,30.86,104500
BVSN,09 Oct 2018,2.04,2.04,1.86,1.86,800
BVXV,09 Oct 2018,5.5,5.55,5.48,5.53,2200
BVXVW,09 Oct 2018,1,1,1,1,400
BWB,09 Oct 2018,12.94,13.2,12.65,12.66,209700
BWEN,09 Oct 2018,2.17,2.19,2.15,2.15,9000
BWFG,09 Oct 2018,30.8,31.15,30.8,30.81,19400
BYFC,09 Oct 2018,1.35,1.35,1.25,1.3,14800
BYSI,09 Oct 2018,23.8,23.8,23.6,23.6,2200
BZUN,09 Oct 2018,38.78,40.23,38.7,39.2,1545100
CAAS,09 Oct 2018,3.44,3.51,3.44,3.51,1600
CAC,09 Oct 2018,43.1,43.79,43.1,43.23,22700
CACC,09 Oct 2018,416.23,421.05,413.62,415.5,73700
CACG,09 Oct 2018,30.71,30.76,30.57,30.62,8900
CAKE,09 Oct 2018,51.93,53.03,51.93,52.4,572600
CALA,09 Oct 2018,5.41,5.92,5.36,5.61,568600
CALM,09 Oct 2018,44.7,45.6,44.51,45.01,470900
CAMP,09 Oct 2018,20.26,20.7,20.26,20.39,605500
CAMT,09 Oct 2018,8.05,8.11,7.82,7.88,260300
CAPR,09 Oct 2018,10.7,10.7,9.5,9.8,400400
CAR,09 Oct 2018,33.67,33.93,31.66,31.9,1944400
CARA,09 Oct 2018,20.1,20.52,19.7,19.82,558500
CARB,09 Oct 2018,33.82,34.74,33.82,33.91,360000
CARG,09 Oct 2018,47.12,48.31,45.12,45.79,1624300
CARO,09 Oct 2018,37.49,37.49,37.01,37.1,48700
CART,09 Oct 2018,8.44,8.5,8.36,8.41,18000
CARV,09 Oct 2018,4.355,4.4,4.17,4.286,4600
CARZ,09 Oct 2018,34.63,34.73,34.57,34.73,4800
CASA,09 Oct 2018,14.1,14.41,14.03,14.09,530200
CASH,09 Oct 2018,27.24,27.39,27,27.2,202600
CASI,09 Oct 2018,3.75,3.92,3.66,3.8,257400
CASS,09 Oct 2018,65.25,66.71,64.51,65.79,47100
CASY,09 Oct 2018,123.82,124.72,122.78,124.21,280700
CATB,09 Oct 2018,7.7,7.75,7.4,7.6,514700
CATC,09 Oct 2018,87.85,89.45,87.21,87.53,6300
CATH,09 Oct 2018,35.78,35.8,35.73,35.74,3000
CATM,09 Oct 2018,33.07,34.51,33.07,34.2,527000
CATS,09 Oct 2018,10.07,10.46,9.96,10,82100
CATY,09 Oct 2018,42.68,42.9,42.43,42.53,365400
CBAN,09 Oct 2018,18.01,18.04,17.6,17.6,24100
CBAY,09 Oct 2018,10.44,11.03,10.44,10.58,512200
CBFV,09 Oct 2018,29,29.39,28.86,28.86,6300
CBIO,09 Oct 2018,10.22,10.54,10.13,10.26,158300
CBLI,09 Oct 2018,2,2,1.96,1.97,7600
CBMB,09 Oct 2018,12.6,12.62,12.55,12.57,111100
CBMG,09 Oct 2018,17.44,18.29,17.27,17.59,49400
CBNK,09 Oct 2018,12.9,12.9,12.6,12.9,2700
CBPO,09 Oct 2018,77.73,78.98,76.72,76.81,225900
CBRL,09 Oct 2018,149.43,151.63,147.2,148.35,267500
CBSH,09 Oct 2018,66.01,66.01,65.27,65.32,563700
CBSHP,09 Oct 2018,25.41,25.9,25.41,25.63,6100
CBTX,09 Oct 2018,35.84,36.02,35.29,35.85,43400
CCB,09 Oct 2018,16.8,17.2,16.8,16.99,24100
CCBG,09 Oct 2018,23.48,24.32,23.48,24.13,16400
CCCL,09 Oct 2018,1.37,1.37,1.32,1.32,3600
CCD,09 Oct 2018,19.99,20.26,19.78,20.17,108500
CCLP,09 Oct 2018,5.69,5.97,5.61,5.92,98000
CCMP,09 Oct 2018,98.6,99.83,97.15,97.75,197000
CCNE,09 Oct 2018,28.87,29.48,28.685,28.96,13800
CCOI,09 Oct 2018,52.44,53.13,51.5,51.59,333300
CCRC,09 Oct 2018,13.02,14.69,12.95,14.04,73900
CCRN,09 Oct 2018,8.35,8.79,8.35,8.65,250500
CCXI,09 Oct 2018,10.76,10.78,10.52,10.61,205700
CDC,09 Oct 2018,47.74,47.74,47.43,47.43,47400
CDEV,09 Oct 2018,21.9,22.63,21.57,22.23,2795000
CDK,09 Oct 2018,58.35,58.68,58.14,58.3,851200
CDL,09 Oct 2018,46.5,46.5,46.19,46.19,8800
CDLX,09 Oct 2018,22.43,22.77,20.9,21.14,107300
CDMO,09 Oct 2018,5.74,5.78,5.54,5.58,233700
CDMOP,09 Oct 2018,26.67,26.67,26.67,26.67,0
CDNA,09 Oct 2018,23.79,24.61,23.34,23.92,625400
CDNS,09 Oct 2018,41.42,41.86,40.965,41.31,1528900
CDTX,09 Oct 2018,4.28,4.45,4.1,4.25,99400
CDW,09 Oct 2018,84.16,85,83.57,84.47,798700
CDXC,09 Oct 2018,3.95,4.07,3.79,3.88,176700
CDXS,09 Oct 2018,16.47,17.26,16.44,17.15,426000
CDZI,09 Oct 2018,11.08,11.23,10.87,11.19,158300
CECE,09 Oct 2018,7.76,7.98,7.75,7.86,144100
CECO,09 Oct 2018,14.39,14.8,14.39,14.44,289600
CELC,09 Oct 2018,26.82,26.82,24.5,25.8,13500
CELG,09 Oct 2018,87.69,87.73,86.27,86.76,3293200
CELGZ,09 Oct 2018,1.36,1.38,1.12,1.24,27400
CELH,09 Oct 2018,3.71,3.84,3.62,3.69,51800
CEMI,09 Oct 2018,9.66,10.01,9.5,9.6,17000
CENT,09 Oct 2018,35.97,35.98,35.13,35.19,52900
CENTA,09 Oct 2018,32.5,32.77,31.95,32.02,220900
CENX,09 Oct 2018,10.42,11.16,10.42,10.82,2187100
CERC,09 Oct 2018,4.36,4.44,4.3,4.38,40600
CERN,09 Oct 2018,63.78,64.08,63.35,63.57,877800
CERS,09 Oct 2018,6.27,6.41,6.15,6.16,846300
CETV,09 Oct 2018,3.61,3.67,3.57,3.62,172900
CETX,09 Oct 2018,10.8,13.12,10.8,11.52,271700
CETXP,09 Oct 2018,3.53,3.53,3.53,3.53,200
CETXW,09 Oct 2018,0.1,0.11,0.1,0.1,11700
CEVA,09 Oct 2018,25.01,26.04,25.01,25.74,124100
CEY,09 Oct 2018,23.1,23.23,23.1,23.2,1600
CEZ,09 Oct 2018,25.66,25.66,25.64,25.64,500
CFA,09 Oct 2018,50.83,51.03,50.63,50.65,71000
CFBI,09 Oct 2018,11.75,11.83,11.75,11.75,700
CFBK,09 Oct 2018,14.55,14.99,14.55,14.8,1500
CFFI,09 Oct 2018,57.37,58,55.85,56.1,5100
CFFN,09 Oct 2018,13,13.09,12.98,13.04,229700
CFMS,09 Oct 2018,0.92,0.97,0.89,0.91,290700
CFO,09 Oct 2018,50.73,50.99,50.65,50.65,35300
CFRX,09 Oct 2018,1.87,1.93,1.77,1.88,231700
CG,09 Oct 2018,21.61,21.7,21.35,21.59,561800
CGBD,09 Oct 2018,15.27,15.75,15.27,15.67,439100
CGEN,09 Oct 2018,3.33,3.5,3.32,3.45,86100
CGIX,09 Oct 2018,0.92,0.94,0.9,0.9,54600
CGNX,09 Oct 2018,49.69,49.79,48.54,48.72,1033600
CGO,09 Oct 2018,12.71,12.95,12.37,12.75,49800
CHCI,09 Oct 2018,2.17,2.24,2.17,2.2,4800
CHCO,09 Oct 2018,76.27,77.28,76.26,76.81,45600
CHDN,09 Oct 2018,92.0633,95.6367,92.05,94.6967,74700
CHEF,09 Oct 2018,37.97,38.005,36.01,36.39,4620900
CHEK,09 Oct 2018,3.86,4.15,3.86,4,39100
CHEKW,09 Oct 2018,0.045,0.045,0.021,0.021,4000
CHEKZ,09 Oct 2018,0.75,0.75,0.75,0.75,0
CHFS,09 Oct 2018,16.8,17.5,16.38,17.22,77400
CHI,09 Oct 2018,10.42,10.66,10.4,10.65,507900
CHKP,09 Oct 2018,113.97,114.99,113.08,113.57,1234700
CHMA,09 Oct 2018,3.36,3.5,3.29,3.45,29200
CHMG,09 Oct 2018,42.61,43.65,42.3,42.76,6400
CHNA,09 Oct 2018,21.1,21.1,21.1,21.1,1100
CHNR,09 Oct 2018,1.8,1.8,1.79,1.8,1000
CHRS,09 Oct 2018,13.83,14.14,13.64,13.68,615900
CHRW,09 Oct 2018,97.74,98.16,96.15,96.25,961500
CHSCL,09 Oct 2018,26.96,27.02,26.8,26.98,20900
CHSCM,09 Oct 2018,25.67,25.67,25.4,25.47,42300
CHSCN,09 Oct 2018,25.97,25.98,25.82,25.91,9700
CHSCO,09 Oct 2018,27.35,27.65,27.35,27.55,13000
CHSCP,09 Oct 2018,28.08,28.84,28.08,28.14,15600
CHTR,09 Oct 2018,320.7,325.89,317.1,322.64,760400
CHUY,09 Oct 2018,26.68,27.575,26.03,27.01,199700
CHW,09 Oct 2018,8.3,8.37,8.28,8.28,305100
CHY,09 Oct 2018,11.1,11.35,11.05,11.33,553700
CIBR,09 Oct 2018,26.41,26.555,26.2,26.28,176900
CID,09 Oct 2018,32.56,32.66,32.56,32.63,2100
CIDM,09 Oct 2018,1.118,1.15,0.98,1.095,57600
CIFS,09 Oct 2018,5.56,5.68,5.11,5.43,56400
CIGI,09 Oct 2018,70.3,71.05,69,69.3,29400
CIL,09 Oct 2018,38.04,38.04,38.04,38.04,500
CINF,09 Oct 2018,77.58,78.26,77.18,78.03,305700
CIVB,09 Oct 2018,23.82,24.08,23.58,23.87,18700
CIZ,09 Oct 2018,32.86,33.02,32.86,33.02,5200
CIZN,09 Oct 2018,23,23.5,23,23.26,2400
CJJD,09 Oct 2018,1.55,1.61,1.55,1.55,171500
CKPT,09 Oct 2018,3.28,3.29,3,3.01,32600
CLAR,09 Oct 2018,10.79,10.93,10.56,10.75,55000
CLBK,09 Oct 2018,16.31,16.45,16.25,16.27,73000
CLBS,09 Oct 2018,5,5.165,4.3,4.49,184900
CLCT,09 Oct 2018,14.51,14.68,14.39,14.52,30600
CLDX,09 Oct 2018,6.9,6.9,6.45,6.45,764500
CLFD,09 Oct 2018,12.39,12.4,12.33,12.35,28700
CLGN,09 Oct 2018,5.2,5.2,5.2,5.2,100
CLIR,09 Oct 2018,1.56,1.56,1.42,1.45,105500
CLLS,09 Oct 2018,27.3,27.53,27.2,27.43,78900
CLMT,09 Oct 2018,6.28,6.4,6.16,6.23,160900
CLNE,09 Oct 2018,2.49,2.55,2.42,2.48,971100
CLPS,09 Oct 2018,8.65,9.3,8.5,8.8,114500
CLRB,09 Oct 2018,2.7,2.7,2.56,2.61,133800
CLRBZ,09 Oct 2018,0.1,0.13,0.1,0.13,5100
CLRG,09 Oct 2018,26.18,26.27,26.17,26.18,3300
CLRO,09 Oct 2018,1.84,1.9,1.8,1.82,4700
CLSD,09 Oct 2018,5.76,5.89,5.5,5.78,122200
CLSN,09 Oct 2018,2.65,2.76,2.65,2.72,101600
CLUB,09 Oct 2018,8.87,9.14,8.6,8.99,138200
CLVS,09 Oct 2018,30.31,30.67,28.62,29.08,1455600
CLWT,09 Oct 2018,3.58,3.62,3.48,3.48,9500
CLXT,09 Oct 2018,14.11,14.89,13.59,14.65,53900
CMCO,09 Oct 2018,37.03,37.32,36.48,36.58,84500
CMCSA,09 Oct 2018,35.28,35.83,34.99,35.44,17407300
CMCT,09 Oct 2018,16.85,17.84,16.25,17.42,13500
CME,09 Oct 2018,180,182.09,179.81,181.16,1543700
CMFNL,09 Oct 2018,24.94,25.14,24.94,25.14,5500
CMLS,09 Oct 2018,17.09,17.09,16.99,17,600
CMPR,09 Oct 2018,123.52,124.81,120.565,121.29,138600
CMRX,09 Oct 2018,3.87,3.99,3.81,3.89,192500
CMTL,09 Oct 2018,32.99,34.006,32.985,33.19,143700
CNAT,09 Oct 2018,4.65,5.18,4.65,4.96,521400
CNBKA,09 Oct 2018,76.95,80.74,76.76,79.13,11800
CNCE,09 Oct 2018,15.39,15.84,14.19,14.4,242500
CNCR,09 Oct 2018,23.11,23.2,23,23.01,12400
CNET,09 Oct 2018,1.56,1.56,1.43,1.47,36500
CNFR,09 Oct 2018,5.55,5.55,5.5,5.51,1400
CNMD,09 Oct 2018,73.06,74.05,72.86,73.28,282200
CNOB,09 Oct 2018,23.51,23.65,23.39,23.43,81100
CNSL,09 Oct 2018,13.34,13.52,13.31,13.49,622800
CNST,09 Oct 2018,6.83,6.97,6.8,6.8,49300
CNTY,09 Oct 2018,6.75,6.95,6.63,6.65,144700
CNXN,09 Oct 2018,37.24,37.94,37.07,37.66,56400
COCP,09 Oct 2018,2.76,2.99,2.74,2.74,27100
CODA,09 Oct 2018,5.8,5.845,5.6,5.7,4000
CODX,09 Oct 2018,2.26,2.34,2.25,2.25,13300
COHR,09 Oct 2018,152,152.6,145.01,145.54,669800
COHU,09 Oct 2018,22.41,22.425,21.915,22.12,438500
COKE,09 Oct 2018,168.25,171,168.25,168.46,25000
COLB,09 Oct 2018,38.85,39.18,38.63,38.67,395500
COLL,09 Oct 2018,16.97,17.78,16.69,17.2,533900
COLM,09 Oct 2018,89.39,90.4,88.42,89.48,147900
COMM,09 Oct 2018,27.25,27.55,26.94,27.18,2643200
COMT,09 Oct 2018,39.48,39.61,39.35,39.56,34900
CONE,09 Oct 2018,61.93,62.58,61.56,62.48,953700
CONN,09 Oct 2018,33.8,34.88,33.31,33.51,313000
CORE,09 Oct 2018,33.96,34.87,33.96,34.77,271700
CORT,09 Oct 2018,13.23,13.73,13.19,13.71,719700
CORV,09 Oct 2018,3.56,3.59,3.21,3.32,150200
COST,09 Oct 2018,224.15,225.15,222.56,224.17,2502700
COUP,09 Oct 2018,67.03,68.76,65.81,66.61,662400
COWN,09 Oct 2018,17.55,17.99,17.27,17.39,480700
COWNL,09 Oct 2018,25.06,25.06,24.86,24.9,6400
COWNZ,09 Oct 2018,25.27,25.27,25.11,25.11,8100
CPAH,09 Oct 2018,2.16,2.16,2.08,2.08,3800
CPHC,09 Oct 2018,15.01,15.01,15.01,15.01,200
CPIX,09 Oct 2018,5.75,5.75,5.715,5.73,1700
CPLP,09 Oct 2018,2.85,2.89,2.85,2.88,246700
CPRT,09 Oct 2018,51.11,51.51,50.72,51.46,2205000
CPRX,09 Oct 2018,3.39,3.46,3.33,3.37,464300
CPSH,09 Oct 2018,1.4,1.45,1.38,1.38,4100
CPSI,09 Oct 2018,26.8,27.25,26.77,27.06,70400
CPSS,09 Oct 2018,3.72,3.8,3.51,3.57,31200
CPST,09 Oct 2018,1.03,1.05,1.02,1.03,113800
CPTA,09 Oct 2018,8.58,8.65,8.57,8.61,36400
CPTAG,09 Oct 2018,24.61,24.72,24.61,24.61,2900
CPTAL,09 Oct 2018,25,25,25,25,800
CRAI,09 Oct 2018,46.31,47.37,45.62,46.3,23700
CRBP,09 Oct 2018,6.76,7.14,6.65,6.93,942600
CREE,09 Oct 2018,36.66,36.8,35.29,35.54,1326400
CREG,09 Oct 2018,1.17,1.26,1.15,1.18,66700
CRESY,09 Oct 2018,12.91,13.05,12.39,12.94,163500
CRIS,09 Oct 2018,1.92,2.04,1.92,1.96,196100
CRMT,09 Oct 2018,76,76.59,73.48,74.12,65800
CRNT,09 Oct 2018,3.1,3.13,3.06,3.06,172600
CRNX,09 Oct 2018,23.41,24.99,22.24,23.32,90500
CRON,09 Oct 2018,9.56,9.6,9.32,9.34,5809500
CROX,09 Oct 2018,19.25,19.65,19.25,19.43,929400
CRSP,09 Oct 2018,36.34,37.95,36.09,36.85,853600
CRTO,09 Oct 2018,22.72,23.17,22.42,22.78,454900
CRUS,09 Oct 2018,36.09,36.55,35.67,36.49,633200
CRVL,09 Oct 2018,57.22,58.5,57.22,57.88,35700
CRVS,09 Oct 2018,8.56,8.73,8.43,8.51,107700
CRWS,09 Oct 2018,5.35,5.35,5.28,5.28,20200
CRZO,09 Oct 2018,23.81,24.43,23.55,23.95,1927400
CSA,09 Oct 2018,48.28,48.35,48.13,48.18,1400
CSB,09 Oct 2018,46.53,46.53,46.225,46.32,5800
CSBR,09 Oct 2018,13.78,14.4,13.25,13.92,183400
CSCO,09 Oct 2018,47.53,48.03,47.28,47.49,17008700
CSF,09 Oct 2018,47.16,47.28,46.92,46.92,5800
CSFL,09 Oct 2018,28.32,28.56,27.87,27.9,617500
CSGP,09 Oct 2018,383.24,390.34,377.84,383.77,296800
CSGS,09 Oct 2018,38.13,38.59,37.98,38.16,127600
CSII,09 Oct 2018,36.46,37.44,36.145,36.47,293100
CSIQ,09 Oct 2018,14.26,14.63,14.13,14.52,433700
CSML,09 Oct 2018,27.42,27.42,27.21,27.21,27600
CSOD,09 Oct 2018,52.03,53.17,51.16,51.58,589100
CSPI,09 Oct 2018,13.44,13.44,13.18,13.18,600
CSQ,09 Oct 2018,12.52,12.85,12.48,12.84,370800
CSSE,09 Oct 2018,9.75,9.75,9.23,9.28,19400
CSSEP,09 Oct 2018,25.2,25.2,25.2,25.2,0
CSTE,09 Oct 2018,17.11,17.305,16.52,16.54,106900
CSTR,09 Oct 2018,16.58,16.76,16.58,16.65,16500
CSWC,09 Oct 2018,19,19.23,19,19.1,14600
CSWCL,09 Oct 2018,25.265,25.265,25.23,25.23,700
CSWI,09 Oct 2018,52.42,52.75,51.4,51.5,78500
CSX,09 Oct 2018,75.1,75.34,74.54,74.61,5806700
CTACU,09 Oct 2018,10,10.05,10,10.02,243600
CTAS,09 Oct 2018,194.64,196.52,194.17,195.32,669300
CTBI,09 Oct 2018,46.36,46.53,46.26,46.33,25400
CTG,09 Oct 2018,5.2,5.21,5.18,5.2,23600
CTHR,09 Oct 2018,0.905,0.905,0.879,0.879,6400
CTIB,09 Oct 2018,3.63,3.63,3.63,3.63,300
CTIC,09 Oct 2018,2.05,2.11,2.05,2.05,149200
CTMX,09 Oct 2018,16.38,17.21,16.35,16.79,393200
CTRE,09 Oct 2018,17.35,17.66,17.33,17.6,438700
CTRN,09 Oct 2018,26.13,27.22,25.815,26.76,100400
CTSH,09 Oct 2018,74,74.3,73.58,73.97,2247900
CTSO,09 Oct 2018,11.6,12.09,11.44,11.47,158300
CTXR,09 Oct 2018,1.72,1.8,1.71,1.71,48500
CTXRW,09 Oct 2018,0.24,0.24,0.24,0.24,0
CTXS,09 Oct 2018,106.92,107.82,105.99,106.46,1192100
CUBA,09 Oct 2018,6.27,6.29,6.27,6.28,6700
CUE,09 Oct 2018,7.25,7.42,6.9,7.01,139200
CUI,09 Oct 2018,2.16,2.21,2.13,2.14,40400
CUTR,09 Oct 2018,21.48,22.66,21.48,22,235500
CVBF,09 Oct 2018,22.3,22.475,22.21,22.4,524700
CVCO,09 Oct 2018,228.8,233.09,224.275,224.83,47700
CVCY,09 Oct 2018,20.88,21.13,20.88,20.92,21300
CVGI,09 Oct 2018,8.71,8.79,8.31,8.4,182600
CVGW,09 Oct 2018,98.71,99.67,98,98.63,89600
CVLT,09 Oct 2018,63.57,64.25,62.77,62.86,262900
CVLY,09 Oct 2018,31.02,32,31.015,31.33,17900
CVTI,09 Oct 2018,27.35,27.91,27.1,27.23,95500
CVV,09 Oct 2018,6.15,6.3,6.11,6.11,3800
CWBC,09 Oct 2018,12,12.2,12,12,5100
CWBR,09 Oct 2018,4,4.09,3.76,3.84,68700
CWCO,09 Oct 2018,13.51,13.7,13.47,13.5,16400
CWST,09 Oct 2018,29.88,30.22,29.5,29.63,172900
CXDC,09 Oct 2018,3.41,3.43,3.2,3.33,24500
CXSE,09 Oct 2018,65.87,66.44,65.86,66.16,82600
CY,09 Oct 2018,13.59,13.72,13.52,13.68,4049300
CYAD,09 Oct 2018,25.15,26,25.035,25.5,7200
CYAN,09 Oct 2018,3.28,3.31,3.25,3.28,4500
CYBE,09 Oct 2018,17.9,18.6,17.9,18.2,21200
CYBR,09 Oct 2018,69.19,70.98,67.11,70.4,529600
CYCC,09 Oct 2018,1.38,1.47,1.36,1.36,50000
CYCCP,09 Oct 2018,6.5,6.5,6.5,6.5,0
CYOU,09 Oct 2018,13.68,14.11,13.43,13.46,143300
CYRN,09 Oct 2018,3.2,3.3,3.17,3.24,85500
CYRX,09 Oct 2018,10.75,11.62,10.75,11.13,286400
CYRXW,09 Oct 2018,8.01,9.31,8,9.31,1500
CYTK,09 Oct 2018,8.11,8.39,7.81,7.87,271300
CZNC,09 Oct 2018,27.73,28.28,27.73,28.04,11900
CZR,09 Oct 2018,9.54,9.95,9.43,9.71,15939400
CZWI,09 Oct 2018,13.9,13.9,13.9,13.9,300
DAIO,09 Oct 2018,4.69,4.9,4.51,4.51,36500
DAKT,09 Oct 2018,7.36,7.54,7.36,7.48,176200
DALI,09 Oct 2018,20.02,20.03,19.88,19.88,4400
DARE,09 Oct 2018,1.01,1.01,0.97,0.98,17700
DAX,09 Oct 2018,27.25,27.51,27.25,27.49,700
DBVT,09 Oct 2018,18.04,18.46,17.94,18.08,82400
DBX,09 Oct 2018,22.38,23.39,22.18,22.75,4787400
DCAR,09 Oct 2018,3.24,3.54,3.06,3.54,195800
DCIX,09 Oct 2018,1.16,1.23,1.12,1.21,324600
DCOM,09 Oct 2018,18.69,18.91,18.31,18.33,277400
DCPH,09 Oct 2018,30.58,31.73,30.27,31.39,139700
DDIV,09 Oct 2018,24.83,24.94,24.79,24.81,8400
DENN,09 Oct 2018,13.96,14.45,13.96,14.05,303000
DERM,09 Oct 2018,11.84,12.34,11.84,12.09,364100
DFBH,09 Oct 2018,9.72,9.72,9.72,9.72,100
DFBHU,09 Oct 2018,10.59,10.59,10.59,10.59,0
DFBHW,09 Oct 2018,1.53,1.53,1.53,1.53,0
DFFN,09 Oct 2018,6.6,6.6,5.85,5.85,44000
DFNL,09 Oct 2018,24.75,24.85,24.61,24.77,10600
DGICA,09 Oct 2018,13.93,14.22,13.93,14.11,16900
DGICB,09 Oct 2018,14.01,14.2,13.63,13.63,4800
DGII,09 Oct 2018,12.41,12.78,12.295,12.59,70900
DGLD,09 Oct 2018,58.58,59.13,58.18,58.2,70300
DGLY,09 Oct 2018,3.1,3.23,2.93,3.09,148000
DGRE,09 Oct 2018,22.58,22.76,22.49,22.7,22700
DGRS,09 Oct 2018,36.88,36.921,36.583,36.675,11500
DGRW,09 Oct 2018,44.1,44.2,43.91,43.99,185600
DHIL,09 Oct 2018,168.01,171.89,168.01,169.42,13600
DHXM,09 Oct 2018,1.72,1.78,1.55,1.76,278300
DINT,09 Oct 2018,17.07,17.13,17.07,17.09,12100
DIOD,09 Oct 2018,30.67,31.28,30.5,31.07,417100
DISCA,09 Oct 2018,33.02,33.02,32.32,32.36,3269100
DISCB,09 Oct 2018,35,35,35,35,0
DISCK,09 Oct 2018,30.17,30.25,29.71,29.78,1507000
DISH,09 Oct 2018,34.46,34.765,33.85,34.17,2013800
DJCO,09 Oct 2018,242,242,235.2,235.2,1400
DLHC,09 Oct 2018,5.62,5.68,5.62,5.66,10000
DLPN,09 Oct 2018,2.36,2.38,2.31,2.32,6400
DLPNW,09 Oct 2018,0.2,0.2,0.2,0.2,2500
DLTH,09 Oct 2018,29.02,29.98,27.81,28.17,133600
DLTR,09 Oct 2018,83.6,85.46,82.55,82.86,5335800
DMLP,09 Oct 2018,19.34,19.6,19.34,19.56,31700
DMPI,09 Oct 2018,6.7,7,6.5,6.5,92400
DMRC,09 Oct 2018,26.31,27.47,26.31,27.18,55300
DNBF,09 Oct 2018,36.86,38.24,36.86,37.19,1900
DNKN,09 Oct 2018,71.75,74.87,71.255,73.4,988100
DNLI,09 Oct 2018,18.15,18.65,17.8,17.83,326800
DOCU,09 Oct 2018,42.98,45,41.33,41.51,2133500
DOGZ,09 Oct 2018,1.81,2.3,1.81,2.03,15400
DOMO,09 Oct 2018,18.13,18.4,17.15,17.35,413600
DOOO,09 Oct 2018,42.81,42.81,40.445,40.79,389300
DORM,09 Oct 2018,71.35,72.24,70.94,71.95,170800
DOVA,09 Oct 2018,20.43,20.8,20.02,20.07,163100
DOX,09 Oct 2018,63.47,63.94,62.75,62.99,976500
DRAD,09 Oct 2018,14.9,15,14.2,14.2,37300
DRIO,09 Oct 2018,0.9,0.95,0.9,0.93,19200
DRIOW,09 Oct 2018,0.14,0.14,0.14,0.14,0
DRIV,09 Oct 2018,14.172,14.245,14.12,14.12,6000
DRNA,09 Oct 2018,14.21,14.45,13.69,13.8,487100
DRRX,09 Oct 2018,1.06,1.08,1.04,1.04,181900
DSGX,09 Oct 2018,30.98,31.33,30.81,31.07,86500
DSKE,09 Oct 2018,7.94,8.08,7.85,7.86,287400
DSKEW,09 Oct 2018,0.78,0.78,0.78,0.78,300
DSLV,09 Oct 2018,35.95,36.47,35.36,35.48,85800
DSPG,09 Oct 2018,11.75,11.89,11.57,11.6,42900
DSWL,09 Oct 2018,3.37,3.37,3.35,3.35,9300
DTEA,09 Oct 2018,2.7,3.4,2.62,3.06,6746800
DUSA,09 Oct 2018,25.02,25.09,25.02,25.06,7600
DVAX,09 Oct 2018,11.03,11.92,10.77,11.19,2605900
DVLU,09 Oct 2018,19.27,19.27,19.24,19.24,1700
DVOL,09 Oct 2018,19.78,19.79,19.77,19.79,2500
DVY,09 Oct 2018,100.42,100.64,100.06,100.2,422700
DWAQ,09 Oct 2018,104.68,106,104.57,104.73,8900
DWAS,09 Oct 2018,52.71,53.18,52.43,52.52,27900
DWAT,09 Oct 2018,12.21,12.21,12.21,12.21,0
DWCR,09 Oct 2018,27.51,27.51,27.51,27.51,100
DWFI,09 Oct 2018,23.08,23.08,23.01,23.04,46600
DWIN,09 Oct 2018,24.69,24.69,24.61,24.63,2600
DWLD,09 Oct 2018,24.27,24.51,24.27,24.39,33700
DWMC,09 Oct 2018,23.05,23.05,23.05,23.05,200
DWPP,09 Oct 2018,29.95,29.95,29.95,29.95,400
DWSH,09 Oct 2018,25.7,25.82,25.5,25.8,15200
DWSN,09 Oct 2018,6.07,6.45,6.03,6.39,80800
DWTR,09 Oct 2018,29.1,29.54,29.1,29.16,15000
DXCM,09 Oct 2018,123.04,126.92,121.58,122.5,928700
DXGE,09 Oct 2018,29.19,29.32,29.19,29.29,3400
DXJS,09 Oct 2018,43.6,43.885,43.547,43.78,10700
DXLG,09 Oct 2018,2.61,2.68,2.51,2.52,86000
DXPE,09 Oct 2018,38.25,39.68,38.25,38.71,90600
DXYN,09 Oct 2018,1.71,1.76,1.7,1.7,7900
DYNT,09 Oct 2018,2.8,2.99,2.71,2.89,2800
DZSI,09 Oct 2018,13.34,13.95,13.34,13.53,17400
EA,09 Oct 2018,110.8,112.21,109.29,109.49,5238500
EARS,09 Oct 2018,13,13.9,10.5,11.98,6704900
EAST,09 Oct 2018,7.86,7.98,7.84,7.9,5300
EBAY,09 Oct 2018,32.56,34.595,32.29,33.28,27415000
EBAYL,09 Oct 2018,25.92,25.92,25.73,25.74,18300
EBIX,09 Oct 2018,61.18,63.71,60.02,63.41,1573500
EBMT,09 Oct 2018,18.04,18.05,17.45,17.6,8900
EBSB,09 Oct 2018,16.72,16.985,16.7,16.83,141000
EBTC,09 Oct 2018,33.62,34.09,33.3,33.42,11700
ECHO,09 Oct 2018,29.46,29.74,28.89,29.13,377200
ECOL,09 Oct 2018,68.97,69.96,68.46,68.63,116300
ECOR,09 Oct 2018,13.17,14.14,12.73,13.11,50600
ECPG,09 Oct 2018,32.65,32.65,31.94,32.22,371900
EDAP,09 Oct 2018,2.8,2.93,2.67,2.8,71000
EDIT,09 Oct 2018,27.69,28.64,27.44,27.76,458400
EDNT,09 Oct 2018,6.63,7.05,6.5,6.75,8800
EDRY,09 Oct 2018,9.28,9.75,9.1,9.45,19300
EDTXU,09 Oct 2018,10.04,10.05,10.02,10.04,64400
EDUC,09 Oct 2018,11.4,11.8,11.4,11.54,10600
EEFT,09 Oct 2018,114.33,116.29,113.39,114.98,1449900
EEI,09 Oct 2018,13.52,13.52,13.1,13.1,700
EEMA,09 Oct 2018,62.89,63.64,62.89,63.36,18500
EFAS,09 Oct 2018,16.67,16.69,16.61,16.61,15400
EFBI,09 Oct 2018,15.78,15.78,15.78,15.78,0
EFOI,09 Oct 2018,2.03,2.03,2,2.02,1500
EFSC,09 Oct 2018,52.3,53.045,52.29,52.81,106700
EGAN,09 Oct 2018,7.25,7.85,7.25,7.74,417000
EGBN,09 Oct 2018,50.12,50.495,49.93,50.23,196600
EGLE,09 Oct 2018,5.64,5.71,5.5,5.55,195600
EGOV,09 Oct 2018,14.25,14.49,14.11,14.3,377200
EGRX,09 Oct 2018,63.43,64.71,62.31,62.97,213700
EHTH,09 Oct 2018,29.82,31.22,29.82,30.81,133100
EIDX,09 Oct 2018,10,10.04,9.17,9.75,79700
EIGI,09 Oct 2018,8.35,8.64,8.35,8.6,492900
EIGR,09 Oct 2018,11.27,11.36,11.01,11.12,52300
EKSO,09 Oct 2018,2.14,2.18,2.05,2.07,269100
ELGX,09 Oct 2018,15.1,16.4,15,16,705700
ELOX,09 Oct 2018,14.83,15.85,14.64,14.99,53000
ELSE,09 Oct 2018,3.59,3.59,3.59,3.59,0
ELTK,09 Oct 2018,3.5,3.5,3.5,3.5,3200
EMB,09 Oct 2018,105.52,105.89,105.45,105.85,3093500
EMCB,09 Oct 2018,68.7,68.73,68.7,68.73,800
EMCF,09 Oct 2018,35.6,36.7,35.6,35.6,3700
EMCG,09 Oct 2018,20.34,20.41,20.3,20.4,3700
EMIF,09 Oct 2018,28.18,28.25,28.13,28.24,2000
EMKR,09 Oct 2018,5.26,5.35,5.21,5.22,351200
EML,09 Oct 2018,28.48,28.69,28.01,28.5,6900
EMMS,09 Oct 2018,5,5.11,4.9,4.94,5300
EMXC,09 Oct 2018,47.68,47.68,47.68,47.68,0
ENDP,09 Oct 2018,17.02,17.845,16.82,17.6,6041900
ENFC,09 Oct 2018,25.15,25.72,25.15,25.21,8700
ENG,09 Oct 2018,1.01,1.03,0.98,1,9600
ENPH,09 Oct 2018,4.63,4.775,4.49,4.54,1248700
ENSG,09 Oct 2018,37.95,40,37.95,40,258600
ENT,09 Oct 2018,2.79,2.99,2.745,2.75,207200
ENTA,09 Oct 2018,77.47,79.1,77.09,77.96,209900
ENTG,09 Oct 2018,27.49,27.58,27.01,27.14,975900
ENTX,09 Oct 2018,5.47,5.86,5,5.26,4200
ENTXW,09 Oct 2018,0.95,0.95,0.95,0.95,0
ENZL,09 Oct 2018,46.43,46.43,45.6,46.41,74600
EOLS,09 Oct 2018,16.41,16.89,16.25,16.43,224200
EPAY,09 Oct 2018,67.74,69.19,67.12,67.99,393000
EPIX,09 Oct 2018,3.16,4.15,3.16,4.02,10800
EPZM,09 Oct 2018,9.19,9.55,9.19,9.47,681300
EQBK,09 Oct 2018,38.76,39.27,38.65,38.75,28300
EQIX,09 Oct 2018,417.54,421.82,414.91,416.59,519600
EQRR,09 Oct 2018,49.59,49.59,49.16,49.165,4700
ERI,09 Oct 2018,44.19,46.98,44.19,46.77,1145500
ERIC,09 Oct 2018,8.57,8.77,8.55,8.71,4757100
ERIE,09 Oct 2018,125.35,127.68,125.24,125.88,71900
ERII,09 Oct 2018,8.33,8.48,8.21,8.31,183600
ERYP,09 Oct 2018,8.7,8.7,8.5,8.5,300
ESBK,09 Oct 2018,20.22,20.4,20.22,20.22,1100
ESCA,09 Oct 2018,12.51,12.65,12.35,12.35,8800
ESEA,09 Oct 2018,1.17,1.3,1.17,1.245,21800
ESGD,09 Oct 2018,63.69,64.24,63.69,64.17,25900
ESGE,09 Oct 2018,31.75,31.98,31.62,31.885,32400
ESGR,09 Oct 2018,205.9,206.27,204.99,204.99,18400
ESGRP,09 Oct 2018,25.77,25.85,25.72,25.82,254000
ESGU,09 Oct 2018,63.05,63.13,63.05,63.13,3300
ESLT,09 Oct 2018,127.73,127.73,125.02,126.06,17500
ESPR,09 Oct 2018,44.52,46.42,43.49,45.49,407400
ESQ,09 Oct 2018,23.8,24.56,23.8,24.34,12600
ESSA,09 Oct 2018,16.3,16.35,16.25,16.25,9800
ESTA,09 Oct 2018,23.4,24.1,23.4,23.74,5100
ESTR,09 Oct 2018,5.6,5.77,5.6,5.77,5900
ESTRW,09 Oct 2018,0.3,0.3,0.3,0.3,0
ESXB,09 Oct 2018,9.27,9.31,9.15,9.16,20800
ETFC,09 Oct 2018,52.67,53.44,52.67,53.16,2562800
ETSY,09 Oct 2018,42.27,43.58,41.58,42.25,2596200
ETTX,09 Oct 2018,8.12,8.63,8.1,8.63,71100
EUFN,09 Oct 2018,19.57,19.73,19.52,19.67,1601000
EVBG,09 Oct 2018,52.81,54.18,51.705,52.76,510100
EVER,09 Oct 2018,14.41,14.66,14,14.38,34400
EVFM,09 Oct 2018,3.92,3.97,3.85,3.9,30900
EVGN,09 Oct 2018,2.95,2.95,2.95,2.95,0
EVK,09 Oct 2018,3.24,3.25,3.24,3.25,200
EVLO,09 Oct 2018,11.5,12.46,10.92,11.35,16000
EVOK,09 Oct 2018,2.59,2.9,2.56,2.68,78000
EVOL,09 Oct 2018,2.25,2.3,2.25,2.25,16700
EVOP,09 Oct 2018,24.32,25.28,23.64,23.96,449800
EWBC,09 Oct 2018,61.34,61.5,60.55,60.76,880800
EWZS,09 Oct 2018,13.72,13.94,13.65,13.87,136100
EXAS,09 Oct 2018,69.69,71.89,68.8,70.04,1857500
EXEL,09 Oct 2018,17.33,17.71,17.01,17.47,2285200
EXFO,09 Oct 2018,3.8,3.8,3.57,3.66,5500
EXLS,09 Oct 2018,64.59,65.91,64.24,64.69,218700
EXPD,09 Oct 2018,72.02,72.2,71.15,71.21,751600
EXPE,09 Oct 2018,122.13,123.43,121.135,121.36,1306800
EXPI,09 Oct 2018,15.35,15.74,14.52,14.75,295200
EXPO,09 Oct 2018,50.63,51.58,50.51,51.1,210400
EXTR,09 Oct 2018,5.17,5.24,4.95,5.08,1764100
EYE,09 Oct 2018,42.58,43.49,42.09,42.44,334000
EYEG,09 Oct 2018,5.85,7.2,5.7,6.3,4074200
EYEGW,09 Oct 2018,0.07,0.07,0.07,0.07,0
EYEN,09 Oct 2018,4.1,4.47,3.97,3.98,29400
EYES,09 Oct 2018,1.6,1.67,1.6,1.62,151800
EYESW,09 Oct 2018,0.39,0.39,0.39,0.39,300
EYPT,09 Oct 2018,3.3,3.42,3.15,3.36,404900
EZPW,09 Oct 2018,10.66,10.77,10.6,10.65,313000
FAAR,09 Oct 2018,28.33,28.47,28.31,28.46,13200
FAB,09 Oct 2018,56.84,56.84,56.43,56.43,2300
FAD,09 Oct 2018,73.24,73.35,73.06,73.06,1700
FALN,09 Oct 2018,26.18,26.22,26.09,26.21,8900
FAMI,09 Oct 2018,5.51,5.57,5.41,5.5,411300
FANG,09 Oct 2018,132.63,136.47,132.63,135.13,1228500
FANH,09 Oct 2018,27.05,27.47,26.78,26.9,127400
FARM,09 Oct 2018,24.31,24.965,24.3,24.31,53700
FARO,09 Oct 2018,58.54,59.62,58.21,58.23,81700
FAST,09 Oct 2018,28.39,28.505,27.82,27.82,5444200
FAT,09 Oct 2018,7.95,8.62,6.6,6.75,119300
FATE,09 Oct 2018,14.88,15.49,14.07,14.19,487600
FB,09 Oct 2018,157.69,160.59,157.42,157.9,18844400
FBIO,09 Oct 2018,1.35,1.41,1.35,1.37,126100
FBIOP,09 Oct 2018,18.89,18.89,18.89,18.89,0
FBIZ,09 Oct 2018,22.94,22.94,22.04,22.11,7800
FBMS,09 Oct 2018,39.04,39.69,38.83,38.99,18100
FBNC,09 Oct 2018,41.08,41.445,41.04,41.23,272400
FBSS,09 Oct 2018,24.955,24.955,24.25,24.32,1600
FBZ,09 Oct 2018,13.06,13.31,13.06,13.28,75300
FCA,09 Oct 2018,25.95,25.95,25.78,25.9,11200
FCAL,09 Oct 2018,49.53,49.53,49.48,49.52,20600
FCAN,09 Oct 2018,24.55,24.7,24.55,24.595,2300
FCAP,09 Oct 2018,40.09,40.09,40.09,40.09,100
FCBC,09 Oct 2018,34.99,35.74,34.61,34.76,32500
FCBP,09 Oct 2018,26.59,26.8,26.53,26.53,11400
FCCO,09 Oct 2018,23.36,23.49,23.07,23.22,13700
FCCY,09 Oct 2018,19.9,20.25,19.9,19.92,10600
FCEF,09 Oct 2018,21.49,21.57,21.49,21.57,6600
FCEL,09 Oct 2018,12.36,12.6,12.24,12.48,535000
FCFS,09 Oct 2018,77.62,78.67,76.43,76.83,316400
FCNCA,09 Oct 2018,467.95,473.1,463.1,463.1,23600
FCSC,09 Oct 2018,2.18,2.2,2.1,2.13,177600
FCVT,09 Oct 2018,29.7,29.7,29.593,29.625,25600
FDBC,09 Oct 2018,68,71.5,68,71,7300
FDEF,09 Oct 2018,29.47,30.01,29.23,29.51,47600
FDIV,09 Oct 2018,49.14,49.14,49.08,49.08,3100
FDT,09 Oct 2018,56.39,56.79,56.25,56.72,135100
FDTS,09 Oct 2018,39.86,39.86,39.86,39.86,0
FDUS,09 Oct 2018,14.27,14.31,14.12,14.28,129900
FDUSL,09 Oct 2018,25.65,25.67,25.6,25.63,1200
FEIM,09 Oct 2018,10.55,11.095,10.55,10.92,21400
FELE,09 Oct 2018,46.35,46.525,45.79,45.84,167000
FEM,09 Oct 2018,24.05,24.24,23.97,24.18,86100
FEMB,09 Oct 2018,36.2,36.4,36.2,36.36,13200
FEMS,09 Oct 2018,34.25,34.45,34.02,34.37,24000
FENC,09 Oct 2018,7.87,8.03,7.8,7.83,54100
FEP,09 Oct 2018,35.96,36.46,35.93,36.33,151600
FEUZ,09 Oct 2018,39.61,40.08,39.61,39.92,7400
FEX,09 Oct 2018,61.19,61.36,60.94,60.97,57700
FEYE,09 Oct 2018,16.44,16.75,16.35,16.69,3943800
FFBC,09 Oct 2018,29.49,29.68,29.31,29.54,381800
FFBW,09 Oct 2018,11.35,11.35,11.35,11.35,100
FFHL,09 Oct 2018,1.88,1.88,1.88,1.88,500
FFIC,09 Oct 2018,24.06,24.23,23.86,24.09,32600
FFIN,09 Oct 2018,29.81,30.145,29.68,29.895,213200
FFIV,09 Oct 2018,178.8,180.645,176.37,176.83,714400
FFNW,09 Oct 2018,15.86,15.93,15.67,15.75,8700
FFWM,09 Oct 2018,15.52,15.665,15.43,15.57,209500
FGBI,09 Oct 2018,24.14,24.98,24.14,24.62,6000
FGEN,09 Oct 2018,52.23,53.78,51.12,52.76,523700
FGM,09 Oct 2018,43.42,43.89,43.41,43.75,37200
FHB,09 Oct 2018,27.08,27.12,26.69,26.73,1344500
FHK,09 Oct 2018,33.8,33.8,33.8,33.8,100
FIBK,09 Oct 2018,45.47,46.12,45.42,45.99,186200
FID,09 Oct 2018,16.87,16.975,16.87,16.975,2000
FINX,09 Oct 2018,26.81,27.23,26.67,27.07,401200
FISI,09 Oct 2018,30.55,30.85,30.49,30.54,178000
FISV,09 Oct 2018,80.67,81.5,80.29,80.76,1229700
FITB,09 Oct 2018,28.51,28.61,28.23,28.46,5193400
FITBI,09 Oct 2018,27.2,27.35,27.15,27.25,18800
FIVE,09 Oct 2018,120.87,124.01,120,121.05,760400
FIVN,09 Oct 2018,39.83,40.605,38.35,39.22,1189500
FIXD,09 Oct 2018,48.5,48.65,48.47,48.64,37200
FIXX,09 Oct 2018,19.96,20.48,19.26,20.08,139100
FIZZ,09 Oct 2018,104.71,105.385,99.83,100.31,374400
FJP,09 Oct 2018,55.81,56.27,55.81,56.27,15400
FKO,09 Oct 2018,24.44,24.44,23.26,24,4900
FKU,09 Oct 2018,36.33,36.65,36.22,36.63,15200
FLDM,09 Oct 2018,7.39,7.57,7.19,7.51,205900
FLEX,09 Oct 2018,12.17,12.25,12.02,12.17,5150800
FLGT,09 Oct 2018,3.77,4.07,3.77,3.77,1700
FLIC,09 Oct 2018,21.78,21.98,21.6,21.75,38100
FLIR,09 Oct 2018,58.66,58.93,58.11,58.35,559600
FLL,09 Oct 2018,2.84,2.9,2.79,2.79,19200
FLMN,09 Oct 2018,11.07,11.08,10.85,10.87,522300
FLMNW,09 Oct 2018,1.68,1.68,1.68,1.68,100
FLN,09 Oct 2018,19.67,19.8,19.67,19.8,2100
FLNT,09 Oct 2018,2.4,2.47,2.36,2.41,855000
FLWS,09 Oct 2018,11.12,11.48,11.12,11.21,108600
FLXN,09 Oct 2018,18.5,19.19,18.4,18.78,458500
FLXS,09 Oct 2018,29.12,30.27,28.8,29.15,31300
FMAO,09 Oct 2018,45.69,45.69,44.22,44.22,9800
FMB,09 Oct 2018,52.04,52.14,51.98,51.98,20600
FMBH,09 Oct 2018,38.65,39.97,38.165,39.02,27800
FMBI,09 Oct 2018,26.87,27.195,26.87,27,302800
FMCI,09 Oct 2018,9.55,9.55,9.53,9.55,150300
FMCIU,09 Oct 2018,10.1,10.12,10.1,10.12,107000
FMCIW,09 Oct 2018,0.58,0.6,0.57,0.6,220800
FMHI,09 Oct 2018,49.86,50,49.8,50,8300
FMK,09 Oct 2018,36.97,36.97,36.85,36.85,1000
FMNB,09 Oct 2018,15.18,15.29,15.05,15.08,23300
FNCB,09 Oct 2018,10.2,10.2,9.8,9.8,5300
FNHC,09 Oct 2018,23.48,24.36,23.48,24.23,62400
FNJN,09 Oct 2018,5.23,5.32,4.8,5.05,953700
FNK,09 Oct 2018,36.23,36.23,36.06,36.1,4800
FNKO,09 Oct 2018,20.21,20.5,19.15,19.3,390900
FNLC,09 Oct 2018,29.6,30.625,29.473,29.62,9600
FNWB,09 Oct 2018,15.67,15.69,15.53,15.55,29800
FNX,09 Oct 2018,69.15,69.4,68.72,68.76,25500
FNY,09 Oct 2018,43.53,44.01,43.49,43.515,36400
FOCS,09 Oct 2018,43.99,45.285,43.47,44.62,121300
FOLD,09 Oct 2018,13.13,13.48,12.76,12.84,2962400
FOMX,09 Oct 2018,4.94,5.12,4.9,5.04,544700
FONR,09 Oct 2018,23.1,23.99,22.91,23.38,42600
FORD,09 Oct 2018,1.5,1.54,1.46,1.5,36000
FORK,09 Oct 2018,3.7,3.75,3.62,3.64,12700
FORM,09 Oct 2018,12.24,12.43,12.1,12.25,335300
FORR,09 Oct 2018,43.43,44.56,43.43,44.15,15400
FORTY,09 Oct 2018,41.83,41.83,41.83,41.83,0
FOSL,09 Oct 2018,21.6,22.25,20.665,21.33,957700
FOX,09 Oct 2018,45.62,45.66,45.13,45.26,4232900
FOXA,09 Oct 2018,45.79,45.9,45.36,45.5,8323300
FOXF,09 Oct 2018,64.99,65.49,63.69,64.25,232600
FPA,09 Oct 2018,29.7,29.9,29.63,29.9,2800
FPAY,09 Oct 2018,0.96,1.05,0.93,0.995,2818700
FPAYW,09 Oct 2018,0.3,0.38,0.27,0.28,199200
FPRX,09 Oct 2018,13.16,13.44,12.64,12.8,304300
FPXE,09 Oct 2018,18.99,19.13,18.99,19.13,600
FPXI,09 Oct 2018,32.755,32.96,32.755,32.88,3700
FRAN,09 Oct 2018,42.6,43.32,41.52,41.64,566500
FRBA,09 Oct 2018,12.88,13.15,12.88,13.05,23700
FRBK,09 Oct 2018,7.18,7.22,7.115,7.13,70600
FRGI,09 Oct 2018,29.1,29.93,29.1,29.82,244500
FRME,09 Oct 2018,45.44,45.79,45.33,45.71,127500
FRPH,09 Oct 2018,58.01,59.3,58.01,58.02,9400
FRPT,09 Oct 2018,35.33,37.2,35.33,36.39,262400
FRSX,09 Oct 2018,2.86,2.86,2.75,2.75,5800
FRTA,09 Oct 2018,7.32,7.61,6.68,6.71,819300
FSBC,09 Oct 2018,17.65,17.65,17.4,17.4,700
FSBW,09 Oct 2018,53.01,53.37,52.23,52.86,8800
FSCT,09 Oct 2018,33.42,34.11,32.74,33.14,395100
FSFG,09 Oct 2018,67.38,67.46,67,67.05,1500
FSLR,09 Oct 2018,47.11,47.4,46.53,47.13,829000
FSTR,09 Oct 2018,20.8,21.03,20.06,20.16,22500
FSV,09 Oct 2018,80.67,81.72,80.62,80.84,56000
FSZ,09 Oct 2018,47.632,48.07,47.555,48.063,20100
FTA,09 Oct 2018,54.08,54.08,53.67,53.7,54600
FTAG,09 Oct 2018,25.38,25.39,25.38,25.39,500
FTC,09 Oct 2018,67.55,68.13,67.5,67.65,39300
FTCS,09 Oct 2018,54.82,54.92,54.61,54.65,93100
FTDR,09 Oct 2018,46.35,49.53,45.5,48.57,1827800
FTEK,09 Oct 2018,1.31,1.35,1.3,1.32,55900
FTEO,09 Oct 2018,18,18,18,18,0
FTFT,09 Oct 2018,1.1,1.13,1.07,1.09,31900
FTGC,09 Oct 2018,20.16,20.23,20.11,20.23,236900
FTHI,09 Oct 2018,22.9,23.04,22.9,22.92,9200
FTLB,09 Oct 2018,22.52,22.68,22.52,22.56,3400
FTNT,09 Oct 2018,83.05,84.59,82.01,82.56,3196100
FTR,09 Oct 2018,6.88,7.08,6.85,7.05,2169000
FTRI,09 Oct 2018,12.49,12.585,12.479,12.585,2300
FTSL,09 Oct 2018,48.13,48.14,48.08,48.09,197000
FTSM,09 Oct 2018,60.04,60.05,60.03,60.04,726700
FTSV,09 Oct 2018,13.72,13.9,12.16,12.6,148700
FTXD,09 Oct 2018,23.57,23.92,23.57,23.71,5200
FTXG,09 Oct 2018,19.38,19.38,19.38,19.38,0
FTXH,09 Oct 2018,23.225,23.225,23.225,23.225,600
FTXL,09 Oct 2018,28.38,28.77,28.38,28.59,4600
FTXN,09 Oct 2018,25.58,25.813,25.523,25.615,37300
FTXO,09 Oct 2018,28.38,28.52,28.21,28.32,467800
FTXR,09 Oct 2018,24.58,24.6,24.55,24.6,1000
FULT,09 Oct 2018,17.01,17.27,16.97,17.2,709800
FUNC,09 Oct 2018,19.03,19.91,19.03,19.75,7800
FUND,09 Oct 2018,7.09,7.09,7.08,7.09,39100
FUSB,09 Oct 2018,10.5,10.78,10.25,10.25,2800
FUV,09 Oct 2018,3.8,3.98,3.61,3.94,24300
FV,09 Oct 2018,29.3,29.48,29.12,29.18,278100
FVC,09 Oct 2018,27.32,27.44,27.13,27.19,94800
FVCB,09 Oct 2018,19.58,19.58,19.35,19.37,127100
FVE,09 Oct 2018,0.79,0.84,0.79,0.79,169200
FWONA,09 Oct 2018,33.35,33.95,33.35,33.48,108400
FWONK,09 Oct 2018,35.34,35.77,35.02,35.08,612900
FWP,09 Oct 2018,2.4,2.4,2.29,2.3,6600
FWRD,09 Oct 2018,67.33,67.91,66.72,66.85,179800
FYC,09 Oct 2018,48.71,49.23,48.64,48.67,58400
FYT,09 Oct 2018,37.96,37.96,37.65,37.65,3700
FYX,09 Oct 2018,65.83,66.23,65.53,65.59,55700
GABC,09 Oct 2018,35.24,36.32,35.2,35.24,28400
GAIA,09 Oct 2018,15.41,15.93,15.025,15.32,79000
GAIN,09 Oct 2018,10.89,10.89,10.62,10.76,331600
GAINL,09 Oct 2018,25.18,25.3,25.18,25.25,5200
GAINM,09 Oct 2018,25.22,25.35,25.22,25.22,3100
GALT,09 Oct 2018,5.1,5.33,5.07,5.19,191200
GARS,09 Oct 2018,8.29,8.4,8.27,8.4,24300
GASS,09 Oct 2018,3.41,3.5,3.4,3.4,14200
GBCI,09 Oct 2018,43.78,44.51,43.78,44.35,564900
GBDC,09 Oct 2018,18.45,18.63,18.44,18.63,158100
GBLI,09 Oct 2018,37.72,38.8,37.675,38.16,17800
GBLIL,09 Oct 2018,25.59,25.59,25.51,25.58,3600
GBLIZ,09 Oct 2018,25.61,25.63,25.61,25.63,900
GBT,09 Oct 2018,35.23,35.555,33.6,33.71,935600
GCBC,09 Oct 2018,32.7,32.7,31.83,31.83,1500
GCVRZ,09 Oct 2018,0.5,0.52,0.2,0.5,311900
GDEN,09 Oct 2018,23.17,23.64,22.72,23.19,265500
GDS,09 Oct 2018,26.26,26.85,25.57,25.93,1568200
GEC,09 Oct 2018,3.2,3.2,3.15,3.19,32100
GECC,09 Oct 2018,9.7,9.75,9.65,9.72,23900
GECCL,09 Oct 2018,25.6,25.64,25.6,25.64,2200
GECCM,09 Oct 2018,25.09,25.09,24.95,24.95,5300
GEMP,09 Oct 2018,2.16,2.18,2.03,2.06,150900
GENC,09 Oct 2018,11.94,12.13,11.45,12.04,10800
GENE,09 Oct 2018,4.36,4.4,4.24,4.28,35800
GENY,09 Oct 2018,36.64,36.72,36.45,36.49,72900
GEOS,09 Oct 2018,13.25,13.69,13.1,13.5,26000
GERN,09 Oct 2018,1.82,1.84,1.7,1.73,6218200
GEVO,09 Oct 2018,4.8,4.97,4.15,4.23,6309700
GFED,09 Oct 2018,24.73,25.09,24.73,25,2000
GFN,09 Oct 2018,15.42,15.89,15.42,15.68,149400
GFNCP,09 Oct 2018,102.8,102.8,102.8,102.8,0
GFNSL,09 Oct 2018,25.77,25.93,25.77,25.9,1500
GGAL,09 Oct 2018,24.64,25.06,22.73,23.56,1254800
GH,09 Oct 2018,29.63,32.56,28.73,31.51,720300
GHDX,09 Oct 2018,64.5,65.3,63.46,64.36,255000
GIFI,09 Oct 2018,9.99,10.16,9.94,9.98,27600
GIGM,09 Oct 2018,2.8,2.86,2.78,2.78,19400
GIII,09 Oct 2018,40.09,41.06,38.87,39.09,738300
GILD,09 Oct 2018,76.2,77.39,75.83,76.54,5367700
GILT,09 Oct 2018,8.59,8.67,8.51,8.57,18000
GLAD,09 Oct 2018,9.37,9.57,9.37,9.57,89500
GLBS,09 Oct 2018,4,4.5,3.6,4,469700
GLBZ,09 Oct 2018,12.2,12.4,12.2,12.31,900
GLDD,09 Oct 2018,6,6.15,6,6,137900
GLDI,09 Oct 2018,8.08,8.08,8.04,8.06,5900
GLG,09 Oct 2018,3,3.45,2.7,3,60300
GLIBA,09 Oct 2018,49.42,50.255,49.215,49.61,172800
GLIBP,09 Oct 2018,24.49,24.65,24.35,24.55,8400
GLMD,09 Oct 2018,12.19,12.31,11.57,12.18,142700
GLNG,09 Oct 2018,27.34,27.4,26.93,27.02,1040500
GLPG,09 Oct 2018,99.2,101.69,99.07,100.44,98700
GLPI,09 Oct 2018,35,35.04,34.68,34.87,763200
GLRE,09 Oct 2018,12.72,12.86,12.61,12.66,201500
GLUU,09 Oct 2018,6.25,6.53,5.975,6.27,4296100
GLYC,09 Oct 2018,13.6,13.84,13.17,13.34,188800
GMLP,09 Oct 2018,14.76,14.9,14.66,14.81,171800
GMLPP,09 Oct 2018,25.4,25.4,25.34,25.35,10000
GNCA,09 Oct 2018,6.4,6.64,6.16,6.24,156700
GNMA,09 Oct 2018,47.56,47.62,47.48,47.62,8100
GNMK,09 Oct 2018,6.24,6.51,6.06,6.16,282200
GNMX,09 Oct 2018,1.25,1.25,1.2,1.2,23400
GNPX,09 Oct 2018,2.03,2.05,1.99,2,25100
GNTX,09 Oct 2018,20.64,20.64,19.91,20.02,1982900
GNTY,09 Oct 2018,31.48,31.48,30.64,30.74,13800
GNUS,09 Oct 2018,2.4,2.52,2.4,2.4,31600
GOGL,09 Oct 2018,9.11,9.26,9.06,9.18,81200
GOGO,09 Oct 2018,5.41,5.595,5.359,5.53,880900
GOOD,09 Oct 2018,19.03,19.14,18.88,19.04,53700
GOODM,09 Oct 2018,24.94,24.96,24.9,24.9,5200
GOOG,09 Oct 2018,1146.15,1154.35,1137.57,1138.82,1308700
GOOGL,09 Oct 2018,1151.31,1161.55,1144.17,1145.17,1684700
GPAQ,09 Oct 2018,9.9,9.9,9.9,9.9,0
GPAQU,09 Oct 2018,10.5,10.5,10.5,10.5,0
GPAQW,09 Oct 2018,0.62,0.62,0.62,0.62,0
GPOR,09 Oct 2018,11.34,11.67,11.29,11.45,3655900
GPP,09 Oct 2018,14.63,14.85,14.61,14.84,41700
GPRE,09 Oct 2018,18.52,18.89,17.5,17.57,1398600
GPRO,09 Oct 2018,6.31,6.51,6.08,6.09,3784700
GRBK,09 Oct 2018,10.14,10.3,10.02,10.09,212800
GRFS,09 Oct 2018,19.92,20.4,19.87,20.15,2412300
GRID,09 Oct 2018,45.48,45.6,45.42,45.42,1100
GRIF,09 Oct 2018,39.5,39.5,38.23,38.27,3600
GRIN,09 Oct 2018,7.46,7.8,7.07,7.5,12600
GRMN,09 Oct 2018,67.89,68.22,66.85,67.23,960700
GRNQ,09 Oct 2018,6,6.25,6,6.18,4900
GROW,09 Oct 2018,1.53,1.59,1.48,1.53,38200
GRPN,09 Oct 2018,3.77,3.81,3.57,3.59,8492800
GRSHU,09 Oct 2018,10.2,10.21,10.2,10.21,1100
GRTS,09 Oct 2018,12.1,12.1,11.51,11.61,194000
GRVY,09 Oct 2018,16.09,17.24,16.09,17.17,7500
GSBC,09 Oct 2018,54.05,55.94,54.05,55.15,24300
GSHD,09 Oct 2018,29.06,29.83,28.7,28.98,111800
GSIT,09 Oct 2018,6.71,6.74,6.66,6.66,17500
GSKY,09 Oct 2018,15.98,16.21,15.83,16.15,1427100
GSM,09 Oct 2018,7.44,7.515,7.13,7.15,835100
GSUM,09 Oct 2018,6.07,6.07,5.57,5.66,25200
GT,09 Oct 2018,22.39,22.63,21.57,21.62,4109300
GTHX,09 Oct 2018,43.39,44.96,42.88,43.52,256400
GTIM,09 Oct 2018,4.56,4.665,4.341,4.51,30700
GTLS,09 Oct 2018,72.5,72.83,70.58,70.67,521100
GTYH,09 Oct 2018,10.15,10.17,10.15,10.17,727100
GULF,09 Oct 2018,18.82,19.2,18.74,19.11,7700
GURE,09 Oct 2018,0.91,0.92,0.89,0.89,32500
GVP,09 Oct 2018,3.1,3.29,3.1,3.25,20600
GWGH,09 Oct 2018,6.76,7.15,6.76,7.15,1800
GWPH,09 Oct 2018,145.31,149.43,144,146.2,439700
GWRS,09 Oct 2018,10.85,10.88,10.65,10.72,44900
GYRO,09 Oct 2018,20.74,20.74,20.34,20.45,600
HA,09 Oct 2018,36.15,36.21,34.57,34.68,931300
HABT,09 Oct 2018,15.93,16.35,15.93,16.2,236500
HAFC,09 Oct 2018,24.24,24.42,24.19,24.39,157300
HAIN,09 Oct 2018,26.61,26.81,26.09,26.13,851200
HAIR,09 Oct 2018,2.12,2.21,2.05,2.06,144900
HALL,09 Oct 2018,11.05,11.29,10.89,11.14,16600
HALO,09 Oct 2018,17.43,17.82,17.27,17.73,744500
HAS,09 Oct 2018,100.55,101.59,100.17,100.7,621300
HAYN,09 Oct 2018,34.03,34.72,33.98,34.09,49000
HBAN,09 Oct 2018,15.49,15.615,15.4,15.44,9983400
HBANN,09 Oct 2018,24.71,24.8,24.71,24.73,900
HBANO,09 Oct 2018,25.28,25.58,25.28,25.58,33500
HBCP,09 Oct 2018,42.82,43.64,42.82,43.1,9300
HBIO,09 Oct 2018,4.59,4.69,4.52,4.6,73300
HBMD,09 Oct 2018,16.86,17.12,16.805,16.86,23900
HBNC,09 Oct 2018,19.28,19.51,19.28,19.4,108800
HBP,09 Oct 2018,3.8,4,3.42,3.43,141000
HCAP,09 Oct 2018,11.15,11.25,11.1,11.15,15700
HCAPZ,09 Oct 2018,25.38,25.38,25.37,25.38,1200
HCCH,09 Oct 2018,9.56,9.56,9.56,9.56,0
HCCHR,09 Oct 2018,0.4,0.4,0.4,0.4,0
HCCHU,09 Oct 2018,10.26,10.26,10.26,10.26,0
HCCHW,09 Oct 2018,0.36,0.36,0.36,0.36,0
HCCI,09 Oct 2018,20.18,20.69,20.18,20.44,37000
HCKT,09 Oct 2018,19.89,20.21,19.725,20.12,133400
HCM,09 Oct 2018,30.21,30.77,29.97,30.25,94600
HCSG,09 Oct 2018,40.12,41.11,40.05,41.09,661800
HDS,09 Oct 2018,41.28,41.49,40.7,41.12,2162900
HDSN,09 Oct 2018,1.26,1.265,1.11,1.15,408600
HEAR,09 Oct 2018,17.77,18.1,17.38,17.81,544600
HEBT,09 Oct 2018,1.3,1.3,1.3,1.3,400
HEES,09 Oct 2018,36.88,37.15,35.44,35.51,351500
HELE,09 Oct 2018,129.64,131.5,120.755,124.27,881600
HEWG,09 Oct 2018,26.53,26.73,26.52,26.65,166500
HFBL,09 Oct 2018,34.05,34.05,33.5,33.5,2700
HFFG,09 Oct 2018,14.7,14.7,14.36,14.68,2200
HFWA,09 Oct 2018,35.13,35.34,34.96,35.21,167200
HGSH,09 Oct 2018,1.35,1.365,1.3,1.306,5500
HIBB,09 Oct 2018,18.25,18.76,18.05,18.18,696200
HIFS,09 Oct 2018,217.17,217.17,217.17,217.17,1100
HIHO,09 Oct 2018,3.9,4.01,3.8,4.01,17000
HIIQ,09 Oct 2018,55.97,57.25,54.28,54.73,300100
HIMX,09 Oct 2018,6.1,6.14,5.94,6.07,2006200
HJLI,09 Oct 2018,2.96,3.02,2.6,2.69,84600
HJLIW,09 Oct 2018,0.69,0.9,0.69,0.69,37200
HLG,09 Oct 2018,59.33,61.5,57.33,60.8,27200
HLIT,09 Oct 2018,5.71,5.8,5.47,5.55,271800
HLNE,09 Oct 2018,39.25,39.805,39,39.51,284100
HMHC,09 Oct 2018,6.34,6.38,5.9,5.94,904200
HMNF,09 Oct 2018,21,21,20.94,20.94,1000
HMST,09 Oct 2018,26.89,27.29,26.77,26.84,76500
HMSY,09 Oct 2018,31.59,31.83,31.32,31.5,419700
HMTV,09 Oct 2018,13.91,14.13,13.46,13.48,35700
HNDL,09 Oct 2018,23.9,23.9,23.63,23.72,8700
HNNA,09 Oct 2018,13.93,13.97,13.82,13.95,2900
HNRG,09 Oct 2018,6.25,6.33,6.18,6.27,42700
HOFT,09 Oct 2018,32.4,32.77,31.67,31.99,34400
HOLI,09 Oct 2018,19.91,20,19.6,19.75,83300
HOLX,09 Oct 2018,40.79,41.67,40.43,41.35,2250700
HOMB,09 Oct 2018,21.64,21.82,21.43,21.7,910700
HONE,09 Oct 2018,10.6303,10.7584,10.53,10.5857,20800
HOPE,09 Oct 2018,16.42,16.5,16.31,16.38,1283300
HOVNP,09 Oct 2018,4.48,4.48,4.48,4.48,200
HQY,09 Oct 2018,87.85,90.32,87.31,88.71,618500
HRTX,09 Oct 2018,30.76,32.45,30.25,30.6,969800
HRZN,09 Oct 2018,11.55,11.64,11.5,11.61,26400
HSDT,09 Oct 2018,8.27,8.8,8.27,8.42,44500
HSIC,09 Oct 2018,87.21,88.35,86.62,87.8,1064500
HSII,09 Oct 2018,31,31.53,30.93,31.12,403200
HSKA,09 Oct 2018,96.79,98.63,95.52,97.88,50600
HSON,09 Oct 2018,16.7,16.7,15.8,15.8,6200
HSTM,09 Oct 2018,29.09,29.58,28.825,29.31,146500
HTBI,09 Oct 2018,28.39,29.26,28,28.93,78300
HTBK,09 Oct 2018,15.51,15.67,15.51,15.61,126500
HTBX,09 Oct 2018,1.89,1.95,1.88,1.93,66400
HTGM,09 Oct 2018,3.9,4.02,3.74,3.84,724400
HTHT,09 Oct 2018,27.1,28.42,26.92,27.74,2250600
HTLD,09 Oct 2018,18.37,18.84,18.35,18.47,561900
HTLF,09 Oct 2018,57.88,58.68,57.86,58.39,94100
HUBG,09 Oct 2018,44.96,45.84,44.16,44.24,298400
HURC,09 Oct 2018,45.395,45.395,44.17,44.52,20100
HURN,09 Oct 2018,49.7,50.95,49.7,50.28,136500
HVBC,09 Oct 2018,15.65,15.7,15.65,15.65,500
HWBK,09 Oct 2018,23.29,24.035,22.926,23.26,8500
HWC,09 Oct 2018,48.03,48.25,47.51,47.99,571400
HWCC,09 Oct 2018,7.88,8.06,7.88,7.93,20400
HWCPL,09 Oct 2018,25.1,25.1,24.98,25.01,1100
HWKN,09 Oct 2018,38.8,39.36,38.46,38.55,17000
HX,09 Oct 2018,8.03,8.04,7.81,7.94,73500
HYAC,09 Oct 2018,9.82,9.82,9.82,9.82,600
HYACU,09 Oct 2018,10.45,10.45,10.45,10.45,0
HYACW,09 Oct 2018,1.01,1.28,0.82,1.28,3400
HYLS,09 Oct 2018,47.49,47.64,47.47,47.49,146900
HYND,09 Oct 2018,21.78,21.805,21.67,21.75,38800
HYRE,09 Oct 2018,2.25,2.57,2.21,2.46,145500
HYXE,09 Oct 2018,50.1,50.1,50.1,50.1,0
HYZD,09 Oct 2018,24.34,24.34,24.1,24.14,170000
HZNP,09 Oct 2018,18.16,18.735,17.93,18.7,1117100
IAC,09 Oct 2018,203,207.84,201.39,201.67,522500
IART,09 Oct 2018,61.23,61.86,60.52,61.02,395300
IBB,09 Oct 2018,115.35,116.38,114.84,115.13,1805700
IBCP,09 Oct 2018,24.33,24.68,24.255,24.62,202600
IBKC,09 Oct 2018,82.06,83.26,81.86,82.17,244600
IBKCO,09 Oct 2018,27.14,27.14,26.9,26.9,1000
IBKCP,09 Oct 2018,26.53,26.83,26.53,26.78,3100
IBOC,09 Oct 2018,43.09,43.81,42.78,43.54,461300
IBTX,09 Oct 2018,67.43,68.27,67.09,68.01,145600
IBUY,09 Oct 2018,46.9,47.55,46.66,46.79,80600
ICAD,09 Oct 2018,3.1,3.32,3.1,3.24,92600
ICBK,09 Oct 2018,25.25,26,25,25.61,9000
ICCC,09 Oct 2018,8.66,9.3,8.6,9.03,26000
ICCH,09 Oct 2018,15.175,15.175,15.175,15.175,0
ICFI,09 Oct 2018,73.56,74.13,72.96,73.09,47600
ICHR,09 Oct 2018,19.8,20,18.66,18.77,760400
ICLK,09 Oct 2018,3.89,3.89,3.65,3.85,103700
ICLN,09 Oct 2018,8.5,8.59,8.47,8.51,83100
ICLR,09 Oct 2018,143.45,148.74,141,146.66,500100
ICON,09 Oct 2018,2.7,2.9,2.7,2.8,259900
ICPT,09 Oct 2018,107.8,110.89,106.02,106.94,438500
ICUI,09 Oct 2018,266.93,272.59,266.46,268.15,122700
IDCC,09 Oct 2018,75.68,76.1,74.34,75.07,177000
IDLB,09 Oct 2018,28.35,28.57,28.35,28.55,5300
IDRA,09 Oct 2018,8.65,9.01,8.47,8.87,220900
IDSA,09 Oct 2018,2.2,2.24,2.16,2.16,4500
IDXG,09 Oct 2018,1.29,1.35,1.2,1.22,1101200
IDXX,09 Oct 2018,223.69,227.12,222,223.9,568300
IEA,09 Oct 2018,10.36,11.06,9.86,10.48,123900
IEAWW,09 Oct 2018,1.65,1.65,1.6,1.65,5400
IEF,09 Oct 2018,99.79,99.95,99.76,99.95,3066200
IEI,09 Oct 2018,118.29,118.39,118.28,118.37,777000
IEP,09 Oct 2018,67.77,68,67.08,67.71,37300
IESC,09 Oct 2018,19.02,19.25,18.97,19,8300
IEUS,09 Oct 2018,52.53,52.95,52.3,52.82,85600
IFEU,09 Oct 2018,37.15,37.61,37.15,37.58,2100
IFGL,09 Oct 2018,27.72,27.94,27.72,27.93,90400
IFMK,09 Oct 2018,2.44,2.47,2.11,2.17,137200
IFRX,09 Oct 2018,34.49,34.94,33.97,34.1,24900
IFV,09 Oct 2018,19.19,19.33,19.1,19.29,385400
IGF,09 Oct 2018,41.81,42.1,41.8,42.01,255100
IGIB,09 Oct 2018,52.45,52.5,52.43,52.43,1123100
IGLD,09 Oct 2018,239,240,239,240,1800
IGOV,09 Oct 2018,47.35,47.63,47.31,47.58,36600
IGSB,09 Oct 2018,51.59,51.65,51.58,51.6,933600
III,09 Oct 2018,4.33,4.44,4.33,4.37,46800
IIIN,09 Oct 2018,33.99,34.4,33.92,34.1,140500
IIIV,09 Oct 2018,21.06,22.27,20.68,20.7,81100
IIN,09 Oct 2018,51.74,54.23,51.235,52.31,200500
IIVI,09 Oct 2018,40.07,40.49,38.845,39.21,687600
IJT,09 Oct 2018,190.49,192.38,190.31,190.53,266500
IKNX,09 Oct 2018,12.5,12.5,12.5,12.5,0
ILMN,09 Oct 2018,324.96,327.81,321.36,323.74,775600
ILPT,09 Oct 2018,22.71,22.74,22.46,22.61,367800
IMGN,09 Oct 2018,7.92,8.19,7.27,7.55,3656800
IMKTA,09 Oct 2018,32.52,32.73,32.12,32.27,33300
IMMP,09 Oct 2018,3.17,3.33,3.11,3.15,87400
IMMR,09 Oct 2018,9.6,9.87,9.54,9.59,212000
IMMU,09 Oct 2018,19.93,20.83,19.93,20.31,1681600
IMOS,09 Oct 2018,14.95,15.09,14.94,15.04,8600
IMRN,09 Oct 2018,7.99,8,7.99,8,300
IMRNW,09 Oct 2018,3.01,3.01,3,3,400
IMTE,09 Oct 2018,8,8,6.85,7.15,12800
IMV,09 Oct 2018,5.5,5.58,5.5,5.58,6800
IMXI,09 Oct 2018,12.57,12.85,12.12,12.5,144400
INAP,09 Oct 2018,11.99,12.32,11.8,12.04,106300
INBK,09 Oct 2018,30.33,30.55,30.28,30.41,18700
INBKL,09 Oct 2018,25.25,25.59,25.25,25.59,1700
INCY,09 Oct 2018,64.18,65.97,63.72,65.5,887500
INDB,09 Oct 2018,84.29,84.83,84,84.2,123300
INDY,09 Oct 2018,31.38,31.71,31.35,31.51,4887400
INFI,09 Oct 2018,2.4,2.5,2.38,2.42,242700
INFN,09 Oct 2018,5.99,6.1,5.9,5.93,1247100
INFR,09 Oct 2018,27.26,27.26,27.26,27.26,2000
INGN,09 Oct 2018,207.55,214.64,204.53,205.2,373400
INNT,09 Oct 2018,5.4,5.76,5.31,5.47,349500
INO,09 Oct 2018,5.35,5.47,5.27,5.27,716800
INOD,09 Oct 2018,1.42,1.43,1.36,1.42,84900
INOV,09 Oct 2018,10.2,10.32,10.11,10.22,330500
INPX,09 Oct 2018,13,13,10.32,11.92,13647300
INSE,09 Oct 2018,7.01,7.08,6.82,7.08,7400
INSG,09 Oct 2018,3.52,3.6,3.51,3.52,237700
INSM,09 Oct 2018,16.81,17.13,16.19,16.31,854800
INTC,09 Oct 2018,47.18,47.62,46.54,46.55,23285700
INTG,09 Oct 2018,34.912,34.912,34.912,34.912,0
INTL,09 Oct 2018,46.37,46.73,46.01,46.46,59100
INTU,09 Oct 2018,218.8,221.48,217.34,220.66,1721800
INVA,09 Oct 2018,15.4,15.53,15.14,15.34,512400
INVE,09 Oct 2018,5.78,5.79,5.51,5.65,11700
INWK,09 Oct 2018,7.63,7.775,7.59,7.64,138500
IONS,09 Oct 2018,44.75,46.57,44.53,44.89,1650900
IOSP,09 Oct 2018,72.88,73.79,71.84,72.13,71000
IOTS,09 Oct 2018,5.3,5.42,5.2,5.37,281700
IOVA,09 Oct 2018,10.92,11.16,10.62,11.04,950400
IPAR,09 Oct 2018,60.22,61.11,60.1,60.15,73100
IPDN,09 Oct 2018,3.06,3.1,2.75,2.75,3200
IPGP,09 Oct 2018,135.7,136.45,133.64,134.77,911500
IPHS,09 Oct 2018,43.4,43.572,42.615,42.71,52200
IPKW,09 Oct 2018,32.84,32.97,32.69,32.87,37400
IPWR,09 Oct 2018,5.8,5.8,5.4,5.45,108700
IQ,09 Oct 2018,26.27,26.59,25.71,25.96,5368800
IRBT,09 Oct 2018,96.12,97.99,94.8,94.99,623000
IRCP,09 Oct 2018,23.43,23.43,23.36,23.36,3800
IRDM,09 Oct 2018,19.83,20.78,19.6,20.46,949500
IRIX,09 Oct 2018,5.87,5.9,5.82,5.82,3000
IRMD,09 Oct 2018,30.55,31.28,29.37,30.17,115700
IROQ,09 Oct 2018,23,23,23,23,1200
IRTC,09 Oct 2018,82.96,85.05,81.55,82.93,285700
IRWD,09 Oct 2018,17.89,18.25,17.42,17.54,1276800
ISBC,09 Oct 2018,12.21,12.26,12.14,12.17,1151600
ISDS,09 Oct 2018,24.6,24.6,24.6,24.6,100
ISDX,09 Oct 2018,25.89,25.89,25.89,25.89,0
ISEM,09 Oct 2018,26,26,26,26,0
ISHG,09 Oct 2018,80.73,80.88,80.73,80.87,3800
ISIG,09 Oct 2018,1.82,1.93,1.8,1.805,6800
ISNS,09 Oct 2018,5.48,5.79,5.48,5.64,10200
ISRG,09 Oct 2018,527.68,537.99,523.71,531.21,1009200
ISSC,09 Oct 2018,2.43,2.65,2.42,2.45,57000
ISTB,09 Oct 2018,48.77,48.77,48.73,48.735,177300
ISTR,09 Oct 2018,27.12,27.15,25.81,25.81,6700
ITCI,09 Oct 2018,18.42,18.93,17.74,18.84,376400
ITI,09 Oct 2018,4.8,4.88,4.72,4.74,41500
ITIC,09 Oct 2018,173,181.2,173,176,9500
ITRI,09 Oct 2018,58.75,59.07,58.01,58.25,214900
ITRM,09 Oct 2018,6.84,6.84,6.72,6.72,1100
ITRN,09 Oct 2018,33.5,33.79,33.42,33.49,63500
IUS,09 Oct 2018,25.5,25.5,25.5,25.5,0
IUSB,09 Oct 2018,48.61,48.65,48.583,48.625,305100
IUSG,09 Oct 2018,60.26,60.89,60.26,60.54,300400
IUSS,09 Oct 2018,24.17,24.17,24.17,24.17,100
IUSV,09 Oct 2018,56.64,56.81,56.44,56.59,311700
IVAC,09 Oct 2018,4.7,4.86,4.66,4.72,61200
IXUS,09 Oct 2018,57.9,58.34,57.76,58.26,7640800
IZEA,09 Oct 2018,1.67,1.69,1.58,1.64,256500
JACK,09 Oct 2018,83.9,84.83,83.14,84.22,679200
JAGX,09 Oct 2018,40.32,42,37.87,38.15,1146400
JAKK,09 Oct 2018,2.35,2.44,2.3,2.3,17900
JASN,09 Oct 2018,3.44,3.49,3.36,3.39,61200
JAZZ,09 Oct 2018,161.41,166.46,160.47,165.96,447800
JBHT,09 Oct 2018,120.94,121.74,117.94,118.17,886600
JBLU,09 Oct 2018,17.96,18.005,17.36,17.38,5361200
JBSS,09 Oct 2018,70.5,70.86,69.495,69.84,66000
JCOM,09 Oct 2018,75.72,76.46,75.28,75.91,401500
JCS,09 Oct 2018,3.01,3.12,2.98,3.04,8000
JCTCF,09 Oct 2018,9,9,8.81,8.81,1500
JD,09 Oct 2018,23.45,24.2,23.34,23.78,13748100
JG,09 Oct 2018,6.3,6.78,6.3,6.65,27300
JJSF,09 Oct 2018,148.63,149.5,147.68,147.95,59700
JKHY,09 Oct 2018,154.56,157.78,153.695,156.58,436100
JKI,09 Oct 2018,160.65,160.65,159.83,159.83,5500
JMU,09 Oct 2018,1.14,1.14,1.03,1.03,132400
JNCE,09 Oct 2018,6.38,6.71,6.27,6.66,246000
JOBS,09 Oct 2018,63.54,65.17,62.8,63.35,354300
JOUT,09 Oct 2018,80.93,82.59,80.5,81.1,41700
JRJC,09 Oct 2018,1.84,1.87,1.77,1.87,2400
JRSH,09 Oct 2018,5.5,5.5,5.5,5.5,400
JRVR,09 Oct 2018,42.02,42.56,41.98,42.45,134100
JSM,09 Oct 2018,20.72,20.84,20.53,20.65,11100
JSMD,09 Oct 2018,43.6,43.6,43.09,43.1,9600
JSML,09 Oct 2018,41.82,42.31,41.8,41.8,4400
JVA,09 Oct 2018,4.35,4.41,4.32,4.35,12000
JYNT,09 Oct 2018,8.7,8.7,8.5,8.56,28800
KALA,09 Oct 2018,8.27,8.48,8.08,8.35,614000
KALU,09 Oct 2018,106.61,108.35,105.41,105.51,82900
KALV,09 Oct 2018,17.13,17.75,16.37,16.93,116900
KBAL,09 Oct 2018,16.47,16.755,16.44,16.49,64800
KBLM,09 Oct 2018,10.08,10.08,10.08,10.08,0
KBLMR,09 Oct 2018,0.46,0.46,0.46,0.46,0
KBLMW,09 Oct 2018,0.21,0.24,0.21,0.24,200
KBSF,09 Oct 2018,3.83,3.86,3.76,3.76,3500
KBWB,09 Oct 2018,55.17,55.36,54.7,54.99,112000
KBWD,09 Oct 2018,22.57,22.64,22.5,22.57,43300
KBWP,09 Oct 2018,63.99,64.3,63.67,64.16,7400
KBWR,09 Oct 2018,56.34,56.46,56.33,56.37,5100
KBWY,09 Oct 2018,33.05,33.05,32.61,32.79,113800
KCAPL,09 Oct 2018,25.15,25.25,25.15,25.18,10800
KE,09 Oct 2018,19.86,20.17,19.86,19.94,43200
KELYA,09 Oct 2018,22.48,22.985,22.27,22.53,145200
KELYB,09 Oct 2018,23,23,23,23,0
KEQU,09 Oct 2018,28.3,29.32,28.08,28.08,2100
KFFB,09 Oct 2018,7.9,7.9,7.82,7.82,700
KFRC,09 Oct 2018,35.18,35.57,34.96,35.44,279000
KGJI,09 Oct 2018,0.882,0.92,0.864,0.885,37800
KHC,09 Oct 2018,57.3,57.48,55.59,56.07,8537000
KIDS,09 Oct 2018,36.06,38.65,34.12,35.56,38100
KIN,09 Oct 2018,12.55,12.81,12.275,12.57,140900
KINS,09 Oct 2018,17.82,17.93,17.59,17.87,11800
KIRK,09 Oct 2018,9.5,9.68,9.41,9.45,176400
KLAC,09 Oct 2018,100.18,101.21,97.75,99.15,2344600
KLIC,09 Oct 2018,21.69,22.39,21.65,21.92,952400
KLXE,09 Oct 2018,33.64,34.815,33.02,34.49,328500
KMDA,09 Oct 2018,6.2,6.25,6.13,6.15,24200
KMPH,09 Oct 2018,2.7,2.7,2.56,2.6,625200
KNDI,09 Oct 2018,5.4,5.69,5.28,5.4,576200
KNSA,09 Oct 2018,20.42,20.93,19.77,20.12,87700
KNSL,09 Oct 2018,60.72,62.255,60.315,61.68,28700
KOD,09 Oct 2018,9.9,9.99,9.61,9.9,44200
KOPN,09 Oct 2018,2.21,2.26,2.15,2.22,236900
KOSS,09 Oct 2018,2.66,2.66,2.61,2.64,800
KPTI,09 Oct 2018,15.46,15.95,15.21,15.56,344600
KRMA,09 Oct 2018,20.938,20.958,20.885,20.91,2900
KRNT,09 Oct 2018,19.31,20,19.21,19.28,161600
KRNY,09 Oct 2018,13.84,13.98,13.8,13.85,272100
KRYS,09 Oct 2018,15.4,15.57,15.05,15.17,18300
KTCC,09 Oct 2018,7.26,7.37,7.12,7.27,13400
KTOS,09 Oct 2018,13.89,14,13.7,13.84,821400
KTOV,09 Oct 2018,1.71,1.75,1.68,1.7,43500
KTOVW,09 Oct 2018,0.52,0.52,0.52,0.52,2000
KURA,09 Oct 2018,15.75,16.04,15.3,15.49,156800
KVHI,09 Oct 2018,12.33,13.08,12.33,12.68,20700
KZIA,09 Oct 2018,3.02,3.32,2.81,2.96,4800
KZR,09 Oct 2018,21.75,23,21.05,22.83,195900
LACQ,09 Oct 2018,9.74,9.74,9.74,9.74,0
LACQU,09 Oct 2018,10.2,10.2,10.2,10.2,0
LACQW,09 Oct 2018,1.04,1.04,1.04,1.04,0
LAKE,09 Oct 2018,13.6,13.64,13.25,13.31,9200
LAMR,09 Oct 2018,76.42,76.77,75.75,75.91,317900
LANC,09 Oct 2018,148.62,149.99,147.37,147.82,70200
LAND,09 Oct 2018,11.97,12.25,11.97,12.23,52300
LANDP,09 Oct 2018,25.51,25.51,25.5,25.5,800
LARK,09 Oct 2018,28.87,28.87,28.87,28.87,400
LASR,09 Oct 2018,18.41,19.08,17.85,17.91,344600
LAUR,09 Oct 2018,14.86,15.05,14.715,14.82,399400
LAWS,09 Oct 2018,32.7,32.84,31.65,32.37,7200
LAZY,09 Oct 2018,7.23,7.23,7.02,7.02,1500
LBAI,09 Oct 2018,17.92,18.1,17.92,17.97,117000
LBC,09 Oct 2018,10.93,11.03,10.69,10.76,44000
LBRDA,09 Oct 2018,81.6,83.055,81.15,82.51,97800
LBRDK,09 Oct 2018,81.86,82.74,80.77,82.26,508000
LBTYA,09 Oct 2018,27.23,27.32,26.2,26.37,2038200
LBTYB,09 Oct 2018,27.1,27.1,27.1,27.1,0
LBTYK,09 Oct 2018,26.78,26.78,25.69,25.79,3791700
LCA,09 Oct 2018,12.99,13,12.37,12.43,155300
LCAHU,09 Oct 2018,14.85,14.85,14.85,14.85,0
LCAHW,09 Oct 2018,1.79,1.79,1.56,1.67,60500
LCNB,09 Oct 2018,18.75,18.99,18.75,18.88,15000
LCUT,09 Oct 2018,10.02,10.1,9.95,9.98,21900
LDRI,09 Oct 2018,24.53,24.535,24.46,24.535,1000
LE,09 Oct 2018,15.09,15.6,15.08,15.11,289200
LECO,09 Oct 2018,90.77,91.1,89.82,89.91,394700
LEDS,09 Oct 2018,4.3,4.74,4.3,4.34,198000
LEGR,09 Oct 2018,28.94,29.11,28.94,29.06,9000
LEVL,09 Oct 2018,27.56,27.95,27.3,27.5,1600
LFAC,09 Oct 2018,9.6,9.6,9.6,9.6,0
LFACU,09 Oct 2018,10.1,10.1,10.1,10.1,12200
LFACW,09 Oct 2018,0.54,0.54,0.54,0.54,0
LFUS,09 Oct 2018,180.57,184.26,180.07,182.15,263100
LFVN,09 Oct 2018,10.22,10.98,10.15,10.83,164800
LGIH,09 Oct 2018,41.6,42.46,40.52,41.1,828400
LGND,09 Oct 2018,246.7,251.5,233.98,235.18,906000
LHCG,09 Oct 2018,98.7,101.15,98.7,100.04,288800
LIFE,09 Oct 2018,10.5,11.2,9.8,9.94,377000
LILA,09 Oct 2018,21.83,22,21.57,21.6,179800
LILAK,09 Oct 2018,21.42,21.66,21.2,21.2,438100
LINC,09 Oct 2018,2.14,2.2,2.06,2.07,10900
LIND,09 Oct 2018,14.31,14.45,14.08,14.17,47300
LITE,09 Oct 2018,55.67,57.52,55.49,57.26,1267000
LIVE,09 Oct 2018,7.49,7.5,6.53,6.97,32400
LIVN,09 Oct 2018,117.71,120,116.63,117.45,359500
LIVX,09 Oct 2018,3.05,3.26,2.64,2.84,102700
LJPC,09 Oct 2018,17.96,18.465,17.93,17.97,593400
LKFN,09 Oct 2018,46.43,46.97,46.43,46.63,46000
LKQ,09 Oct 2018,30.18,30.41,29.68,29.73,2558800
LLIT,09 Oct 2018,1.73,1.81,1.73,1.8,1000
LLNW,09 Oct 2018,5.04,5.11,4.94,5.05,683600
LMAT,09 Oct 2018,28.29,28.68,26.63,26.64,282700
LMB,09 Oct 2018,10.91,11.025,10.8,10.8,16000
LMBS,09 Oct 2018,50.89,50.91,50.85,50.9,249500
LMFA,09 Oct 2018,4.81,5.11,4.7,4.85,82100
LMFAW,09 Oct 2018,0.07,0.07,0.07,0.07,0
LMNR,09 Oct 2018,25.41,25.95,25.03,25.91,122200
LMNX,09 Oct 2018,27.24,27.8,27.17,27.63,263400
LMRK,09 Oct 2018,14.27,14.525,14.27,14.44,94400
LMRKN,09 Oct 2018,22.6,22.84,22.25,22.8,20800
LMRKO,09 Oct 2018,24.45,24.45,24.2,24.2,6700
LMRKP,09 Oct 2018,23.87,24.29,23.84,24.25,8300
LMST,09 Oct 2018,16,16,15.7,15.7,900
LNDC,09 Oct 2018,13.23,13.41,13.2,13.34,77200
LNGR,09 Oct 2018,21.33,21.56,21.33,21.47,2000
LNTH,09 Oct 2018,14.05,14.34,13.79,14.18,210400
LOACU,09 Oct 2018,10.22,10.3,10.2,10.3,57400
LOAN,09 Oct 2018,6.36,6.36,6.15,6.15,21400
LOB,09 Oct 2018,25.88,26.35,25.6,25.96,171700
LOCO,09 Oct 2018,12.5,12.75,12.47,12.61,192100
LOGI,09 Oct 2018,41.14,41.65,41.08,41.51,244300
LOGM,09 Oct 2018,81.82,83.04,81.77,82.45,744900
LONE,09 Oct 2018,8.42,8.95,8.145,8.49,262800
LOOP,09 Oct 2018,8.54,9,8.54,8.85,42900
LOPE,09 Oct 2018,114.32,117.04,114.32,115.52,573400
LORL,09 Oct 2018,47.28,47.325,46.27,46.74,34100
LOVE,09 Oct 2018,22.88,23.63,22.88,23.25,32800
LPCN,09 Oct 2018,1.33,1.36,1.31,1.335,14600
LPLA,09 Oct 2018,63.63,64.12,63.49,63.64,532300
LPSN,09 Oct 2018,23.08,23.85,23.08,23.41,450200
LPTH,09 Oct 2018,1.89,1.89,1.65,1.79,371000
LPTX,09 Oct 2018,6.57,6.61,6.2,6.4,167500
LQDA,09 Oct 2018,30.81,38.46,30.69,37.18,53300
LQDT,09 Oct 2018,5.51,5.64,5.33,5.51,66600
LRCX,09 Oct 2018,145.62,146,141.35,144.47,3902400
LRGE,09 Oct 2018,33.11,33.11,33.11,33.11,0
LSBK,09 Oct 2018,16,16.1,16,16.1,3600
LSCC,09 Oct 2018,8.39,8.48,8.13,8.19,1290900
LSTR,09 Oct 2018,112.93,114.47,111.45,112.01,412500
LSXMA,09 Oct 2018,42.93,43.16,42.05,42.05,657600
LSXMB,09 Oct 2018,47.1,47.1,47.1,47.1,0
LSXMK,09 Oct 2018,43.18,43.22,42.06,42.15,1284600
LTBR,09 Oct 2018,0.92,0.92,0.89,0.89,212400
LTRPA,09 Oct 2018,14.32,14.4,13.39,13.59,670800
LTRX,09 Oct 2018,3.7,3.88,3.7,3.78,53400
LULU,09 Oct 2018,149.84,153.45,149,150.25,1592400
LUNA,09 Oct 2018,3.4,3.42,3.22,3.22,52400
LVHD,09 Oct 2018,31.12,31.18,30.98,31.07,26600
LWAY,09 Oct 2018,2.75,2.84,2.6,2.62,45400
LX,09 Oct 2018,9.84,10.2,9.84,10.1,172400
LXRX,09 Oct 2018,9.32,9.53,9.11,9.16,391000
LYL,09 Oct 2018,2.27,2.34,1.94,1.96,23000
LYTS,09 Oct 2018,4.58,4.645,4.47,4.51,62200
MACK,09 Oct 2018,5.01,5.03,4.85,4.86,74700
MAGS,09 Oct 2018,5.6,5.69,5.37,5.61,11200
MANH,09 Oct 2018,49.84,50.81,49.59,49.68,558300
MANT,09 Oct 2018,58.75,60.03,58.565,59.28,129300
MAR,09 Oct 2018,120.48,121.26,119.68,119.77,1718100
MARA,09 Oct 2018,2.8,2.8,2.62,2.68,413300
MARK,09 Oct 2018,2.6,2.79,2.6,2.72,187700
MARPS,09 Oct 2018,3.47,3.47,3.42,3.42,2400
MASI,09 Oct 2018,119.09,120.21,118.26,119.24,368600
MAT,09 Oct 2018,14.5,14.62,14.31,14.48,3821200
MATW,09 Oct 2018,46.44,46.65,45.69,45.84,108600
MAYS,09 Oct 2018,38.46,38.75,37.69,38.75,2900
MBB,09 Oct 2018,102.14,102.35,102.12,102.35,584000
MBCN,09 Oct 2018,47.51,47.6,46.62,46.62,2300
MBII,09 Oct 2018,1.75,1.77,1.71,1.73,124000
MBIN,09 Oct 2018,24.74,24.92,24.62,24.81,42200
MBIO,09 Oct 2018,5.18,5.31,4.92,4.96,44900
MBOT,09 Oct 2018,6.49,6.73,6.07,6.08,37000
MBRX,09 Oct 2018,1.39,1.45,1.39,1.4,71200
MBSD,09 Oct 2018,22.76,22.77,22.75,22.75,2600
MBUU,09 Oct 2018,51.1,51.47,49.18,49.22,186200
MBWM,09 Oct 2018,34.22,34.44,34.01,34.01,36500
MCBC,09 Oct 2018,11.6,11.71,11.54,11.58,27900
MCEF,09 Oct 2018,17.27,17.27,17.27,17.27,0
MCEP,09 Oct 2018,1.45,1.495,1.43,1.47,17000
MCFT,09 Oct 2018,34.22,34.45,33.87,33.92,214900
MCHI,09 Oct 2018,55.43,55.78,55.15,55.35,5872000
MCHP,09 Oct 2018,67.3,67.87,66.26,67.38,6901800
MCHX,09 Oct 2018,2.64,2.69,2.61,2.64,32800
MCRB,09 Oct 2018,6.77,6.84,6.52,6.59,73300
MCRI,09 Oct 2018,44.38,45.33,44.38,45.03,83900
MDB,09 Oct 2018,70.12,71.17,66.87,68.17,1260000
MDCA,09 Oct 2018,3.7,3.78,3.59,3.6,217400
MDCO,09 Oct 2018,27.86,28.35,27.47,27.71,855900
MDGL,09 Oct 2018,196.6,202.78,192.73,194.85,129900
MDGS,09 Oct 2018,3.2,3.27,3.11,3.25,21500
MDIV,09 Oct 2018,18.5,18.54,18.44,18.51,51500
MDLZ,09 Oct 2018,43.09,43.22,42.63,42.76,4160900
MDRX,09 Oct 2018,13.83,13.98,13.645,13.75,1052000
MDWD,09 Oct 2018,6.33,6.34,6.29,6.3,3000
MEDP,09 Oct 2018,57.06,58.47,56.84,57.09,468000
MEET,09 Oct 2018,5.15,5.25,5.1,5.19,633400
MEIP,09 Oct 2018,3.75,3.91,3.68,3.85,205600
MELI,09 Oct 2018,337.47,341.495,333.865,340.06,495800
MEOH,09 Oct 2018,81.09,81.62,80.2,80.25,330600
MERC,09 Oct 2018,18.52,18.87,17.98,18.03,483000
MESA,09 Oct 2018,13.21,13.45,12.74,13.07,103000
MESO,09 Oct 2018,7.17,7.39,7.17,7.34,30500
METC,09 Oct 2018,8.27,8.5,8.08,8.31,104900
MFIN,09 Oct 2018,7.14,7.25,7.05,7.17,149800
MFINL,09 Oct 2018,25.79,25.99,25.79,25.89,7100
MFNC,09 Oct 2018,16.09,16.09,15.71,15.71,3700
MFSF,09 Oct 2018,37.01,37.27,36.48,36.94,4500
MGEE,09 Oct 2018,64.82,66.39,64.82,65.48,61600
MGEN,09 Oct 2018,5.24,5.4,4.99,5.2,301400
MGI,09 Oct 2018,4.91,4.93,4.75,4.77,285200
MGIC,09 Oct 2018,8.61,8.61,8.38,8.57,260100
MGLN,09 Oct 2018,70.58,71.38,70.05,70.79,241800
MGNX,09 Oct 2018,20.2,20.39,19.8,19.9,198100
MGPI,09 Oct 2018,76.1,77.59,75.935,76.97,102200
MGRC,09 Oct 2018,51.49,52.04,50.84,51.61,103200
MGTA,09 Oct 2018,10.52,11.065,10.25,10.45,22300
MGTX,09 Oct 2018,13.4,13.45,13.03,13.35,29100
MGYR,09 Oct 2018,13,13,13,13,100
MHLD,09 Oct 2018,3.3,3.49,3.15,3.31,777400
MICT,09 Oct 2018,1.2,1.2,1.1,1.1,13200
MIDD,09 Oct 2018,123.36,123.91,120.63,121.71,372200
MIK,09 Oct 2018,15.38,16.21,15.38,15.63,2413700
MILN,09 Oct 2018,22.69,22.85,22.65,22.73,11500
MIME,09 Oct 2018,33.84,35,32.65,32.96,856300
MIND,09 Oct 2018,3.59,3.8,3.59,3.8,34800
MINDP,09 Oct 2018,23.6,23.6,23.575,23.6,3400
MINI,09 Oct 2018,42.74,43.04,42.13,42.6,142600
MITK,09 Oct 2018,6.51,6.74,6.46,6.63,138700
MKGI,09 Oct 2018,1.8,1.8,1.69,1.69,5300
MKSI,09 Oct 2018,76.35,76.69,75.235,75.73,354300
MKTX,09 Oct 2018,185.9,189.92,185.21,188.69,147300
MLAB,09 Oct 2018,178,178.56,171.63,177,18100
MLCO,09 Oct 2018,19.12,19.24,18.72,18.94,5489800
MLHR,09 Oct 2018,37.77,37.92,36.94,36.98,349300
MLNT,09 Oct 2018,20.9,21.6,20.5,21.05,327700
MLNX,09 Oct 2018,72.83,73.15,71.37,71.46,405600
MLVF,09 Oct 2018,21,21.2,21,21,35700
MMAC,09 Oct 2018,27.45,27.45,26.4,26.4,15700
MMLP,09 Oct 2018,11.95,12.18,11.895,12.08,136100
MMSI,09 Oct 2018,63.83,65.34,62.67,62.69,892600
MMYT,09 Oct 2018,24.6,24.82,23.4,24,562900
MNDO,09 Oct 2018,2.3,2.32,2.3,2.31,21900
MNKD,09 Oct 2018,1.7,1.775,1.7,1.74,1209300
MNLO,09 Oct 2018,6.22,6.4,5.885,6.26,347300
MNOV,09 Oct 2018,11.9,12.07,11.73,11.87,262300
MNRO,09 Oct 2018,69.03,70.29,68.57,69.03,202600
MNST,09 Oct 2018,56.67,56.99,56.415,56.55,2470600
MNTA,09 Oct 2018,20.21,21.1,20.12,20.67,874900
MNTX,09 Oct 2018,9.57,9.83,9.53,9.55,28900
MOBL,09 Oct 2018,5,5.154,4.875,4.99,173100
MOFG,09 Oct 2018,34.03,34.45,34.03,34.28,21900
MOGO,09 Oct 2018,3.14,3.14,2.83,2.83,15200
MOMO,09 Oct 2018,37.58,38.51,37.33,37.68,2758200
MOR,09 Oct 2018,23.18,23.72,23.1,23.33,37200
MORN,09 Oct 2018,115.58,117.11,115,115.21,78800
MOSY,09 Oct 2018,5.2,5.5,4.8,4.86,4487900
MOTS,09 Oct 2018,4.7,4.76,4.59,4.64,20000
MOXC,09 Oct 2018,4.1,4.1,4,4,12000
MPAA,09 Oct 2018,22.1,22.605,21.86,22.22,185100
MPB,09 Oct 2018,28.45,28.45,27.09,27.4,18500
MPVD,09 Oct 2018,1.94,1.97,1.91,1.93,41300
MPWR,09 Oct 2018,116.16,117.74,114.98,116.71,496000
MRAM,09 Oct 2018,7.09,7.22,6.88,7.12,26300
MRBK,09 Oct 2018,17.5,17.5,17.15,17.15,4600
MRCC,09 Oct 2018,12.86,13.12,12.85,13.11,140100
MRCCL,09 Oct 2018,24.93,24.95,24.93,24.95,4900
MRCY,09 Oct 2018,54.39,55.29,53.93,54.19,399000
MRIN,09 Oct 2018,3.4,3.4,3.25,3.25,7500
MRLN,09 Oct 2018,28.52,28.91,28.52,28.86,16500
MRNS,09 Oct 2018,7.24,7.505,7.06,7.28,575700
MRSN,09 Oct 2018,8.97,9.65,8.95,9.08,57600
MRTN,09 Oct 2018,20.1,20.46,20.09,20.1,330700
MRTX,09 Oct 2018,44.06,45.33,42.69,43.15,601300
MRUS,09 Oct 2018,18,18.18,15.57,17.13,148800
MRVL,09 Oct 2018,18.25,18.66,18,18.47,16556300
MSBF,09 Oct 2018,19,19.15,19,19,5300
MSBI,09 Oct 2018,31.3,31.69,31.11,31.2,72400
MSEX,09 Oct 2018,46.75,48.1,46.75,47.3,24300
MSFT,09 Oct 2018,111.14,113.08,110.8,112.26,26198500
MSON,09 Oct 2018,19.53,19.53,18.48,18.76,13100
MSTR,09 Oct 2018,130.3,132.18,128.64,130.71,65000
MSVB,09 Oct 2018,12.685,12.75,12.665,12.74,1200
MTBC,09 Oct 2018,5.24,5.39,5.2,5.28,95000
MTBCP,09 Oct 2018,25.2,27.47,25.2,26.88,73400
MTCH,09 Oct 2018,54.86,56.3,54.4,55.46,1382400
MTEM,09 Oct 2018,5.54,5.7,5.52,5.59,184400
MTEX,09 Oct 2018,20,20,19.55,19.55,4600
MTFB,09 Oct 2018,7.95,8.6,7.95,8.54,1800
MTLS,09 Oct 2018,12.23,12.44,12,12.13,85800
MTP,09 Oct 2018,5.9,5.9,5.8,5.8,11900
MTRX,09 Oct 2018,23.77,24.62,23.71,24.46,230900
MTSC,09 Oct 2018,53.56,54.41,53.56,54.22,54200
MTSI,09 Oct 2018,16.8,17.18,16.55,16.84,627100
MTSL,09 Oct 2018,1.71,1.76,1.63,1.69,49300
MU,09 Oct 2018,42.81,43.04,41.98,42.27,31576300
MUDS,09 Oct 2018,9.71,9.71,9.71,9.71,0
MUDSU,09 Oct 2018,10.32,10.32,10.32,10.32,0
MUDSW,09 Oct 2018,0.67,0.67,0.67,0.67,0
MVBF,09 Oct 2018,18.97,18.97,18.4,18.4,8800
MVIS,09 Oct 2018,1.35,1.44,1.33,1.35,707600
MXIM,09 Oct 2018,52.55,53.01,52.41,52.86,1451100
MYFW,09 Oct 2018,16.23,16.26,15.55,16,10800
MYGN,09 Oct 2018,42.8,44.21,42.49,43.19,629500
MYL,09 Oct 2018,34.5,35.18,33.09,34.61,14016200
MYOK,09 Oct 2018,53.35,54.4,50.96,51.39,220000
MYOS,09 Oct 2018,1.15,1.2,1.15,1.17,9000
MYRG,09 Oct 2018,33.31,34.26,32.78,33.77,117700
MYSZ,09 Oct 2018,1.04,1.04,1.01,1.03,219000
NAII,09 Oct 2018,9.51,9.91,9.2,9.21,44900
NAKD,09 Oct 2018,2.29,2.29,2.11,2.12,73400
NAOV,09 Oct 2018,4.18,4.58,4.18,4.24,2100
NATH,09 Oct 2018,84.5,86.45,82.91,85.66,13600
NATI,09 Oct 2018,45.53,46.05,45.02,45.83,460800
NATR,09 Oct 2018,8.5,8.5,8.22,8.23,9600
NAVI,09 Oct 2018,13.38,13.38,13.11,13.15,2337500
NBEV,09 Oct 2018,6.85,6.88,5.66,5.73,24595700
NBIX,09 Oct 2018,110.72,112.98,108.81,109.12,1092500
NBN,09 Oct 2018,22.14,22.49,21.9,22.34,20200
NBRV,09 Oct 2018,2.95,2.96,2.86,2.9,722000
NBTB,09 Oct 2018,38.15,38.87,38.06,38.7,88300
NCBS,09 Oct 2018,54.2,54.68,53.41,53.56,17100
NCMI,09 Oct 2018,10.14,10.37,10.03,10.05,281100
NCNA,09 Oct 2018,21.43,21.5,20.005,20.41,55100
NCSM,09 Oct 2018,16.39,16.81,16.39,16.7,70800
NCTY,09 Oct 2018,1.34,1.42,1.34,1.36,31000
NDAQ,09 Oct 2018,84.7,84.99,83.41,84.45,658400
NDLS,09 Oct 2018,11,11.35,10.58,10.82,345300
NDRA,09 Oct 2018,2.83,2.94,2.76,2.82,25600
NDRAW,09 Oct 2018,0.54,0.54,0.54,0.54,3500
NDSN,09 Oct 2018,135.02,135.82,133.12,133.32,157100
NEBU,09 Oct 2018,9.72,9.72,9.72,9.72,0
NEBUU,09 Oct 2018,10.15,10.15,10.15,10.15,2000
NEO,09 Oct 2018,14.28,14.46,13.98,14.11,616600
NEOG,09 Oct 2018,65.3,65.9,64.05,64.69,408400
NEON,09 Oct 2018,2.86,3.1,2.65,2.72,51500
NEOS,09 Oct 2018,4.16,4.27,4.15,4.16,221000
NEPT,09 Oct 2018,4.3,4.37,4.15,4.16,1133200
NERV,09 Oct 2018,11.11,11.38,10.4,10.55,256300
NESR,09 Oct 2018,10.7,10.86,10,10.35,264600
NESRW,09 Oct 2018,1.52,2.175,1.46,2,13400
NETE,09 Oct 2018,4.25,4.44,4.16,4.16,164000
NEWA,09 Oct 2018,9.25,9.25,8.5,8.59,69000
NEWT,09 Oct 2018,19.74,19.92,19.45,19.7,187400
NEWTI,09 Oct 2018,25.55,25.55,25.55,25.55,0
NEXT,09 Oct 2018,5.5,5.525,5.191,5.29,28200
NFBK,09 Oct 2018,15.51,15.91,15.51,15.75,89500
NFLX,09 Oct 2018,348.48,358.72,347.09,355.71,8754900
NFTY,09 Oct 2018,31.745,31.745,31.745,31.745,200
NGHC,09 Oct 2018,25.91,26.22,25.84,26.08,176100
NGHCN,09 Oct 2018,24.33,24.33,23.96,24,9800
NGHCO,09 Oct 2018,24.5,24.55,24.11,24.24,25600
NGHCP,09 Oct 2018,24.27,24.27,24.27,24.27,300
NGHCZ,09 Oct 2018,25.4,25.439,25.3,25.325,3800
NH,09 Oct 2018,1.4,1.48,1.37,1.39,87000
NHLD,09 Oct 2018,3.1,3.17,3.1,3.11,3500
NHLDW,09 Oct 2018,0.52,0.52,0.52,0.52,0
NHTC,09 Oct 2018,21.45,21.96,21.27,21.42,44100
NICE,09 Oct 2018,107.72,108.8,107.04,107.92,186000
NICK,09 Oct 2018,11.85,11.917,11.635,11.9,6000
NIHD,09 Oct 2018,5.89,6.05,5.79,5.8,760200
NK,09 Oct 2018,3.75,4.16,3.75,3.95,158600
NKSH,09 Oct 2018,46.85,47.5,45.83,46.97,7200
NKTR,09 Oct 2018,51.82,52.59,51.41,51.96,1351900
NLNK,09 Oct 2018,2.3,2.39,2.27,2.34,264200
NMIH,09 Oct 2018,20.75,20.91,20.36,20.72,407300
NMRD,09 Oct 2018,2.1,2.29,2.1,2.25,35300
NMRK,09 Oct 2018,10.24,10.42,10.11,10.16,285500
NNBR,09 Oct 2018,14.64,14.7,14.13,14.29,521400
NNDM,09 Oct 2018,1.85,1.9,1.73,1.81,182800
NODK,09 Oct 2018,17.24,17.24,17.09,17.09,16900
NOVN,09 Oct 2018,2.63,2.67,2.57,2.58,63200
NOVT,09 Oct 2018,64.75,66.09,64.32,64.78,204000
NRC,09 Oct 2018,36.54,37.54,36.54,37.15,58700
NRIM,09 Oct 2018,42.67,43.16,42.64,43,15000
NSEC,09 Oct 2018,14.75,14.75,14.75,14.75,700
NSIT,09 Oct 2018,49.37,50.09,48.91,49.44,209400
NSSC,09 Oct 2018,14.33,14.61,14.27,14.55,18100
NSTG,09 Oct 2018,16.47,17.48,15.94,16.99,771200
NSYS,09 Oct 2018,4.1,4.16,4.09,4.12,7400
NTAP,09 Oct 2018,79.77,80.945,79.27,79.73,2584400
NTCT,09 Oct 2018,22.37,22.53,21.58,22.4,556200
NTEC,09 Oct 2018,4.87,4.95,4.75,4.83,77700
NTES,09 Oct 2018,215.95,218.34,212.53,217.1,633600
NTGN,09 Oct 2018,10.01,10.68,9.62,10.22,66300
NTGR,09 Oct 2018,58.43,59.265,58.12,58.66,326800
NTIC,09 Oct 2018,17.525,17.575,17.405,17.405,1500
NTLA,09 Oct 2018,23.96,24.55,23.25,23.54,522700
NTNX,09 Oct 2018,40.11,41.48,39.58,40.54,3433800
NTRA,09 Oct 2018,21.19,21.95,21.19,21.65,620700
NTRP,09 Oct 2018,7.86,7.88,7.18,7.47,18300
NTRS,09 Oct 2018,106.11,106.4,105.18,105.53,806400
NTRSP,09 Oct 2018,24.95,24.95,24.85,24.87,109700
NTWK,09 Oct 2018,7.75,7.75,7.2,7.54,85600
NUAN,09 Oct 2018,17.19,17.47,17.055,17.12,2306100
NURO,09 Oct 2018,1.32,1.35,1.29,1.29,11700
NUROW,09 Oct 2018,0.035,0.035,0.035,0.035,0
NUVA,09 Oct 2018,69.48,70.35,69.1,69.66,472800
NVAX,09 Oct 2018,41.8,42.9,40.6,41,6193200
NVCN,09 Oct 2018,26.2,26.2,24,24.4,640800
NVCR,09 Oct 2018,47.81,49.86,47.25,47.78,623500
NVDA,09 Oct 2018,264.94,268.76,262.8,265.54,6837400
NVEC,09 Oct 2018,93.81,97,92.07,94.12,20100
NVEE,09 Oct 2018,84.21,85.5,84.15,84.29,49500
NVFY,09 Oct 2018,1.64,1.72,1.64,1.68,22500
NVIV,09 Oct 2018,2.04,2.15,2,2.05,127000
NVMI,09 Oct 2018,24.5,24.63,24.17,24.41,64800
NVTR,09 Oct 2018,23.52,24.19,22.855,23.19,311400
NVUS,09 Oct 2018,4,4.87,3.8,4.21,164100
NWBI,09 Oct 2018,17.24,17.41,17.24,17.35,310200
NWFL,09 Oct 2018,38.61,39.8,38.61,38.93,5600
NWLI,09 Oct 2018,313.5,329,300.51,315.5,9600
NWPX,09 Oct 2018,20.41,20.73,20.3,20.55,122600
NWS,09 Oct 2018,13.9,13.9,13.59,13.73,793200
NWSA,09 Oct 2018,13.49,13.52,13.26,13.48,5855900
NXGN,09 Oct 2018,19.02,19.5,19.02,19.17,232600
NXPI,09 Oct 2018,81.81,82.5,80.7,80.98,3237500
NXST,09 Oct 2018,80.39,81.32,79.69,79.74,409100
NXTD,09 Oct 2018,1.26,1.28,1.15,1.19,490100
NYMT,09 Oct 2018,6,6.07,5.98,6.06,904300
NYMTN,09 Oct 2018,23.5,23.7,23.37,23.66,20600
NYMTO,09 Oct 2018,24.095,24.2,24.095,24.2,1100
NYMTP,09 Oct 2018,23.95,24.35,23.95,24.07,2100
NYMX,09 Oct 2018,2.36,2.79,2.34,2.43,383700
NYNY,09 Oct 2018,8.53,8.7,8.3,8.31,16300
OBAS,09 Oct 2018,8.6,8.75,8.58,8.68,2700
OBCI,09 Oct 2018,4.07,4.07,4,4.07,7700
OBLN,09 Oct 2018,21.1,25.6,21.1,23.4,35300
OBNK,09 Oct 2018,39.47,39.68,39.15,39.22,17400
OBSV,09 Oct 2018,16.94,17.44,16.5,16.87,67600
OCC,09 Oct 2018,5.14,5.4,5.08,5.28,14400
OCCI,09 Oct 2018,18.3,18.3,16.79,18,71800
OCFC,09 Oct 2018,27.31,27.48,27.17,27.35,110700
OCSI,09 Oct 2018,8.58,8.63,8.48,8.63,24800
OCSL,09 Oct 2018,4.86,4.925,4.85,4.91,274500
OCSLL,09 Oct 2018,24.9,24.92,24.75,24.92,800
OCUL,09 Oct 2018,6.11,6.39,6.04,6.23,249900
ODFL,09 Oct 2018,150.87,152,148.02,148.4,584300
ODP,09 Oct 2018,2.96,3.005,2.91,2.95,4590400
ODT,09 Oct 2018,16.68,17.2,16.65,16.69,46200
OESX,09 Oct 2018,1.12,1.15,1.1,1.1,80800
OFED,09 Oct 2018,26.4,26.4,26.4,26.4,200
OFIX,09 Oct 2018,56.59,57.38,55.98,56.07,291100
OFLX,09 Oct 2018,69.18,71.74,68.09,69.52,23500
OFS,09 Oct 2018,11.45,11.85,11.45,11.8,19400
OFSSL,09 Oct 2018,24.98,25.09,24.975,25.069,3700
OHAI,09 Oct 2018,1.56,1.56,1.48,1.52,10500
OIIM,09 Oct 2018,2.04,2.07,1.95,1.95,93100
OKTA,09 Oct 2018,60.47,62.5,59.06,59.69,3354900
OLBK,09 Oct 2018,31.26,31.67,31.17,31.22,20400
OLD,09 Oct 2018,25.89,26.1,25.7,25.96,3700
OLED,09 Oct 2018,117,118.19,115.45,116.33,396100
OLLI,09 Oct 2018,89.39,91.33,89.38,90.58,762700
OMAB,09 Oct 2018,53.24,55.47,53.16,55.1,112400
OMCL,09 Oct 2018,65.61,66.54,65.18,66.25,432200
OMER,09 Oct 2018,14.59,15.34,14.51,14.73,721800
OMEX,09 Oct 2018,8.42,8.44,7.81,8.1,18700
ON,09 Oct 2018,17.02,17.15,16.835,16.85,7780200
ONB,09 Oct 2018,20.12,20.27,20.04,20.19,717300
ONCE,09 Oct 2018,48.39,50.415,48.31,49.34,516100
ONCS,09 Oct 2018,15.3,16.6,15.3,15.7,1641200
ONCY,09 Oct 2018,3.79,3.79,3.55,3.595,120400
ONEQ,09 Oct 2018,302.33,305.55,302.33,303.13,33500
ONTX,09 Oct 2018,5.8,6.17,5.8,5.86,89000
ONTXW,09 Oct 2018,0.06,0.2,0.06,0.2,5600
ONVO,09 Oct 2018,1.1,1.18,1.1,1.15,610700
OPB,09 Oct 2018,27.13,27.37,27,27.15,80700
OPBK,09 Oct 2018,11.4,11.55,11.4,11.43,24400
OPES,09 Oct 2018,9.83,9.83,9.83,9.83,0
OPESU,09 Oct 2018,10.16,10.17,10.15,10.15,1600
OPESW,09 Oct 2018,0.42,0.43,0.42,0.43,1600
OPGN,09 Oct 2018,39.4,40,38.4,39.8,20500
OPGNW,09 Oct 2018,0.3,0.3,0.3,0.3,0
OPHC,09 Oct 2018,5.23,5.23,4.87,4.89,16900
OPK,09 Oct 2018,3.67,3.73,3.41,3.47,4112700
OPNT,09 Oct 2018,16.93,17.41,16.7,16.84,56400
OPOF,09 Oct 2018,29.25,29.25,28.04,28.32,5200
OPRA,09 Oct 2018,8.49,8.75,8.31,8.5,53700
OPRX,09 Oct 2018,16.89,17.12,16.89,17.12,8200
OPTN,09 Oct 2018,10.66,10.81,10.58,10.74,316500
OPTT,09 Oct 2018,14,15,14,14.8,326200
ORBC,09 Oct 2018,9.75,9.84,9.6,9.77,785700
ORG,09 Oct 2018,29.77,29.77,29.46,29.46,3200
ORGS,09 Oct 2018,6.65,6.915,6.547,6.78,42900
ORIT,09 Oct 2018,15.73,15.85,15.73,15.8,136900
ORLY,09 Oct 2018,344.52,349.665,344.52,345.56,504300
ORMP,09 Oct 2018,4.68,4.79,4.655,4.655,36100
ORRF,09 Oct 2018,23.62,24.2,23.62,23.89,11300
OSBC,09 Oct 2018,15.26,15.29,15.12,15.14,51500
OSBCP,09 Oct 2018,10.575,10.575,10.575,10.575,800
OSIS,09 Oct 2018,71.96,72.41,71.1,71.68,67300
OSN,09 Oct 2018,2,2.11,2,2.01,20300
OSPN,09 Oct 2018,18.17,18.45,17.54,17.74,197900
OSS,09 Oct 2018,3.72,3.73,3.6,3.61,5200
OSTK,09 Oct 2018,26.25,27.39,25.82,26.84,966300
OSUR,09 Oct 2018,14.82,15.11,14.6,14.9,310300
OTEL,09 Oct 2018,17.15,17.15,16.54,16.56,4900
OTEX,09 Oct 2018,35.73,36.02,35.55,35.59,321500
OTIC,09 Oct 2018,2.75,2.86,2.64,2.65,99600
OTTR,09 Oct 2018,47.84,48.74,47.84,48.39,96100
OTTW,09 Oct 2018,13.85,13.86,13.82,13.82,2000
OVBC,09 Oct 2018,38.32,38.84,38.1,38.1,7500
OVID,09 Oct 2018,5.82,6.25,5.72,5.9,518300
OVLY,09 Oct 2018,19.78,19.99,19.51,19.61,9600
OXBR,09 Oct 2018,1.43,1.49,1.4,1.4,800
OXBRW,09 Oct 2018,0.06,0.06,0.06,0.06,0
OXFD,09 Oct 2018,16.16,16.35,15.88,16.1,92000
OXLC,09 Oct 2018,10.84,10.95,10.82,10.94,253000
OXLCM,09 Oct 2018,25.6,25.6,25.52,25.59,1300
OXLCO,09 Oct 2018,25.26,25.42,25.26,25.36,11700
OXSQ,09 Oct 2018,7.13,7.13,6.86,7.03,251400
OXSQL,09 Oct 2018,25.13,25.18,25.13,25.18,5100
OZK,09 Oct 2018,38.64,38.69,38.14,38.23,669900
PAAS,09 Oct 2018,14.67,14.8,14.42,14.68,1178900
PACB,09 Oct 2018,4.31,4.48,4.22,4.25,908900
PACQ,09 Oct 2018,9.69,9.69,9.68,9.68,4000
PACQU,09 Oct 2018,10.36,10.36,10.36,10.36,0
PACQW,09 Oct 2018,1.36,1.36,1.36,1.36,0
PACW,09 Oct 2018,48.6,48.63,47.93,47.99,1104600
PAHC,09 Oct 2018,42.8,43.85,42.25,42.67,103200
PANL,09 Oct 2018,3.45,3.58,3.43,3.43,2900
PATI,09 Oct 2018,20.17,20.17,19.58,19.58,500
PATK,09 Oct 2018,54.84,55.26,53.37,53.74,216500
PAVM,09 Oct 2018,1.22,1.23,1.13,1.17,274800
PAVMZ,09 Oct 2018,0.38,0.38,0.38,0.38,500
PAYX,09 Oct 2018,72.55,73.49,72.21,72.5,1522200
PBBI,09 Oct 2018,11.7,11.9,11.7,11.9,2900
PBCT,09 Oct 2018,17.29,17.35,17.13,17.19,2171900
PBCTP,09 Oct 2018,24.97,25.11,24.8,25.01,20900
PBHC,09 Oct 2018,15.25,15.25,15.12,15.15,2800
PBIP,09 Oct 2018,17.99,17.99,17.75,17.75,8400
PBPB,09 Oct 2018,11.95,12.17,11.94,12.08,209800
PBYI,09 Oct 2018,44.91,45.54,42.96,43.39,700500
PCAR,09 Oct 2018,68.26,68.36,66.28,66.36,1501100
PCB,09 Oct 2018,19.22,19.33,19.02,19.05,20700
PCH,09 Oct 2018,39.07,39.07,38,38.05,815200
PCOM,09 Oct 2018,14.95,14.95,13.4,13.41,126500
PCRX,09 Oct 2018,45.8,47.61,45.52,47.4,482100
PCSB,09 Oct 2018,20.46,20.7,20.28,20.51,27700
PCTI,09 Oct 2018,4.7,4.88,4.65,4.73,19800
PCTY,09 Oct 2018,69.42,70.92,68.57,69.71,300500
PCYG,09 Oct 2018,9.26,9.43,8.91,9.18,35800
PCYO,09 Oct 2018,10.83,10.83,10.65,10.7,22800
PDBC,09 Oct 2018,19.15,19.22,19.035,19.18,7729400
PDCE,09 Oct 2018,50.61,52.61,49.955,51.49,1182200
PDCO,09 Oct 2018,23.62,23.89,23.2,23.66,963600
PDD,09 Oct 2018,20.97,22.62,20.89,22.34,4449200
PDEX,09 Oct 2018,9.39,9.93,9.2,9.84,7000
PDFS,09 Oct 2018,8.53,8.82,8.53,8.71,120200
PDLB,09 Oct 2018,13.82,13.99,13.68,13.68,19300
PDLI,09 Oct 2018,2.64,2.69,2.6,2.61,785600
PDP,09 Oct 2018,56.78,57.2,56.61,56.76,116300
PEBK,09 Oct 2018,29.47,29.82,28.9,28.9,3900
PEBO,09 Oct 2018,34.83,35.33,34.83,35.03,35100
PEGA,09 Oct 2018,58.08,58.9,57.53,58.29,584400
PEGI,09 Oct 2018,18.9,18.95,18.1,18.12,1436100
PEIX,09 Oct 2018,3.01,3.24,2.4,2.91,19560800
PENN,09 Oct 2018,28.46,28.92,27.645,28.78,17877200
PEP,09 Oct 2018,108.68,108.94,107.52,108.12,4105600
PERI,09 Oct 2018,3,3.06,3,3.03,9700
PESI,09 Oct 2018,4.39,4.57,4.3,4.41,13000
PETQ,09 Oct 2018,34.28,35.21,34.26,34.8,475100
PETS,09 Oct 2018,30.4,30.98,30.27,30.35,399200
PETZ,09 Oct 2018,1.35,1.39,1.3,1.38,9400
PEY,09 Oct 2018,18.11,18.19,18.08,18.08,888000
PEZ,09 Oct 2018,55.27,55.43,55.27,55.42,1200
PFBC,09 Oct 2018,60.62,61.4,59.9,60.17,91300
PFBI,09 Oct 2018,18.24,18.6,17.84,18.05,19200
PFF,09 Oct 2018,36.11,36.24,36.08,36.22,3126300
PFG,09 Oct 2018,60.44,60.64,59.63,60.21,1139600
PFI,09 Oct 2018,33.7,33.97,33.7,33.89,48500
PFIE,09 Oct 2018,3.28,3.38,3.21,3.23,266200
PFIN,09 Oct 2018,8.24,8.33,8.15,8.15,7500
PFIS,09 Oct 2018,43.56,44.2,43.54,43.71,4700
PFLT,09 Oct 2018,12.8,12.99,12.78,12.99,150000
PFM,09 Oct 2018,27.49,27.54,27.43,27.46,19900
PFMT,09 Oct 2018,1.94,2.07,1.94,2.02,4700
PFPT,09 Oct 2018,94.55,95.965,93.58,95.29,858700
PFSW,09 Oct 2018,6.98,7.3,6.93,7.11,26500
PGC,09 Oct 2018,30.07,30.57,30.07,30.45,61200
PGJ,09 Oct 2018,34.81,35.19,34.75,34.9,36300
PGNX,09 Oct 2018,5.91,6.11,5.87,5.89,1385200
PHO,09 Oct 2018,31.25,31.27,30.88,30.91,401600
PI,09 Oct 2018,23.15,23.69,22.85,23.38,219900
PICO,09 Oct 2018,12.09,12.18,11.965,12.03,54100
PID,09 Oct 2018,15.53,15.56,15.46,15.53,180800
PIE,09 Oct 2018,16.73,16.91,16.73,16.87,74900
PIH,09 Oct 2018,6.3,6.34,6.3,6.31,1100
PIHPP,09 Oct 2018,25.04,25.04,23.26,24.83,4500
PINC,09 Oct 2018,46.58,47.22,46.06,46.1,700600
PIO,09 Oct 2018,25.03,25.06,24.94,25.04,6600
PIRS,09 Oct 2018,5.01,5.15,4.97,4.97,204400
PIXY,09 Oct 2018,4.04,4.04,3.97,3.98,164000
PIZ,09 Oct 2018,25.76,26.18,25.64,25.98,32900
PKBK,09 Oct 2018,22.25,22.64,21.78,22.18,11500
PKOH,09 Oct 2018,37.6,37.91,36.88,36.94,28200
PKW,09 Oct 2018,60.21,60.41,59.98,60.01,35700
PLAB,09 Oct 2018,9.24,9.33,9.13,9.28,659300
PLAY,09 Oct 2018,63.7,64.45,63.37,63.98,640100
PLBC,09 Oct 2018,24.9,25.7,24.7,24.85,9500
PLCE,09 Oct 2018,128.9,131.27,128.9,129.75,596300
PLPC,09 Oct 2018,72.61,74.35,71,73.1,11900
PLSE,09 Oct 2018,13.09,13.09,12.06,12.16,67900
PLUG,09 Oct 2018,1.86,1.93,1.85,1.86,1878100
PLUS,09 Oct 2018,85.01,86.21,83.71,84.66,100000
PLW,09 Oct 2018,30.43,30.55,30.43,30.51,11000
PLXP,09 Oct 2018,3.89,3.99,3.75,3.8,3900
PLXS,09 Oct 2018,54.33,54.84,53.91,54.47,145700
PLYA,09 Oct 2018,9.24,9.39,9.17,9.25,72600
PMBC,09 Oct 2018,8.95,8.99,8.77,8.83,11400
PMD,09 Oct 2018,18.63,18.75,18.5,18.6,14900
PME,09 Oct 2018,2.3,2.395,2.28,2.33,32900
PMOM,09 Oct 2018,28.82,28.82,28.82,28.82,500
PMTS,09 Oct 2018,2.79,2.92,2.76,2.88,17200
PNBK,09 Oct 2018,23.5,23.5,22.8,23.34,5600
PNFP,09 Oct 2018,60.31,60.42,59.81,60,302900
PNNT,09 Oct 2018,7.45,7.58,7.44,7.54,346800
PNQI,09 Oct 2018,125.98,127.4,125.56,125.71,30900
PNRG,09 Oct 2018,78.97,78.97,78.97,78.97,0
PNRL,09 Oct 2018,10.1,10.1,10.1,10.1,0
PODD,09 Oct 2018,92.61,94.67,90.57,90.88,606500
POLA,09 Oct 2018,5.73,5.95,5.67,5.67,8000
POOL,09 Oct 2018,153.82,154.48,151.55,151.71,381500
POPE,09 Oct 2018,72,73,71.99,72.5,3200
POWI,09 Oct 2018,57.54,58.1,56.7,57.7,171800
POWL,09 Oct 2018,33.84,34.4,33.42,33.64,24600
PPBI,09 Oct 2018,37.31,37.5,37.02,37.23,319100
PPC,09 Oct 2018,17.88,17.915,17.32,17.38,893400
PPH,09 Oct 2018,62.92,63.56,62.57,63.32,12200
PPIH,09 Oct 2018,9.17,9.2,9.11,9.17,12000
PPSI,09 Oct 2018,5,5,5,5,1200
PRAA,09 Oct 2018,34.33,34.83,34,34.29,184800
PRAH,09 Oct 2018,103.26,105.08,102.75,102.95,403900
PRCP,09 Oct 2018,9.52,9.86,9.27,9.27,72900
PRFT,09 Oct 2018,25.73,26.1,25.49,25.83,260100
PRFZ,09 Oct 2018,137.84,138.44,137.26,137.33,29500
PRGS,09 Oct 2018,33.53,34.26,33.19,33.59,484900
PRGX,09 Oct 2018,8.59,8.66,8.44,8.48,42100
PRIM,09 Oct 2018,23.47,23.65,23.38,23.51,237200
PRMW,09 Oct 2018,16.49,16.81,16.49,16.59,211800
PRN,09 Oct 2018,61.86,61.86,61.24,61.3,3300
PRNB,09 Oct 2018,26.14,26.8,25,26.78,74800
PROV,09 Oct 2018,18.12,18.23,18,18.1,5000
PRPH,09 Oct 2018,2.96,3,2.96,2.96,3800
PRPL,09 Oct 2018,5.3,5.81,5.3,5.45,22600
PRPO,09 Oct 2018,5.7,5.85,5.4,5.4,408700
PRQR,09 Oct 2018,17.7,17.85,17.09,17.18,86200
PRSC,09 Oct 2018,67.85,68.38,67.12,67.17,54700
PRTA,09 Oct 2018,12.4,12.6,12.02,12.29,305400
PRTH,09 Oct 2018,10.4,10.6,10.4,10.5,2100
PRTK,09 Oct 2018,10.16,10.56,9.65,9.75,1049100
PRTO,09 Oct 2018,1.54,1.74,1.53,1.68,39600
PRTS,09 Oct 2018,1.5,1.54,1.48,1.5,104800
PRVB,09 Oct 2018,3.41,3.54,3.26,3.3,52200
PS,09 Oct 2018,25.69,27.42,25.29,25.44,966200
PSC,09 Oct 2018,33.44,33.44,33.44,33.44,0
PSCC,09 Oct 2018,80.97,81.73,80.74,80.74,141100
PSCD,09 Oct 2018,65.16,65.29,64.13,64.38,12500
PSCE,09 Oct 2018,16.2,16.7,16.2,16.49,19500
PSCF,09 Oct 2018,56.62,56.89,56.44,56.59,8900
PSCH,09 Oct 2018,131.4,133.23,130.97,131.4,111200
PSCI,09 Oct 2018,70.06,70.06,69.16,69.42,12100
PSCM,09 Oct 2018,52.22,52.22,51.48,51.48,6100
PSCT,09 Oct 2018,78.31,78.8,77.93,78.16,86700
PSCU,09 Oct 2018,57.96,58.23,57.8,58.05,18000
PSDO,09 Oct 2018,14.88,15.28,14.88,15.24,401900
PSEC,09 Oct 2018,7.07,7.17,7.03,7.17,1660400
PSET,09 Oct 2018,34.59,34.59,34.59,34.59,0
PSL,09 Oct 2018,70.94,71.34,70.94,70.95,2400
PSMT,09 Oct 2018,78.92,79.42,78.71,78.76,196300
PSTI,09 Oct 2018,12,12.4,12,12.2,70300
PTC,09 Oct 2018,98.18,100.675,97.783,99.25,933600
PTCT,09 Oct 2018,40.82,41.37,39.5,39.64,546100
PTE,09 Oct 2018,16,16.96,15.76,16.12,490500
PTEN,09 Oct 2018,17.95,18.24,17.71,17.95,1840300
PTF,09 Oct 2018,60.04,61.02,59.92,60.23,11900
PTGX,09 Oct 2018,9.39,9.88,9.32,9.55,76200
PTH,09 Oct 2018,87.78,89.23,87.45,87.61,43000
PTI,09 Oct 2018,1.98,2.05,1.88,1.96,186800
PTLA,09 Oct 2018,23.94,24.5,23.61,24.19,1033500
PTNR,09 Oct 2018,5.08,5.21,5.08,5.21,400
PTSI,09 Oct 2018,63.77,65.43,63.62,64.47,21600
PTVCA,09 Oct 2018,22.57,22.57,21.6,21.6,1100
PTVCB,09 Oct 2018,23,23.19,22.95,22.96,12100
PUB,09 Oct 2018,33.32,33.99,33.32,33.56,9800
PUI,09 Oct 2018,29.39,29.56,29.39,29.41,1600
PULM,09 Oct 2018,3.9,4,3.6,3.6,300400
PVAC,09 Oct 2018,85.12,88.21,83.635,85.57,304000
PVAL,09 Oct 2018,26.83,26.83,26.83,26.83,300
PVBC,09 Oct 2018,27.68,28.59,27.68,27.91,8900
PWOD,09 Oct 2018,29.2933,29.2933,29.12,29.1333,3700
PXI,09 Oct 2018,44.28,44.68,44.14,44.32,87100
PXLW,09 Oct 2018,4.38,4.55,4.3,4.36,202800
PXS,09 Oct 2018,0.96,1,0.95,0.99,51600
PY,09 Oct 2018,32.925,32.925,32.92,32.92,20500
PYPL,09 Oct 2018,80.65,81.84,79.44,80.03,9332600
PYZ,09 Oct 2018,66.88,66.88,66.36,66.36,900
PZZA,09 Oct 2018,53.57,54.97,53.46,54.9,3609900
QABA,09 Oct 2018,53.73,53.87,53.49,53.7,26700
QADA,09 Oct 2018,51.72,52.37,50.63,50.86,76600
QADB,09 Oct 2018,39,39.06,36.36,36.7,8800
QAT,09 Oct 2018,17.59,17.71,17.59,17.71,13400
QBAK,09 Oct 2018,7.21,7.22,7,7.09,6900
QCLN,09 Oct 2018,18.78,18.91,18.71,18.73,11600
QCOM,09 Oct 2018,70.76,70.96,70.09,70.13,10329200
QCRH,09 Oct 2018,40.21,40.84,40,40.3,37500
QDEL,09 Oct 2018,63.55,65.38,63.48,64.37,229400
QIWI,09 Oct 2018,12.27,12.27,11.91,12.01,322600
QLYS,09 Oct 2018,77.25,79.27,74.21,75.49,784200
QNST,09 Oct 2018,13.57,14.2,13.57,14.09,708000
QQEW,09 Oct 2018,61.11,61.39,60.88,60.93,65000
QQQ,09 Oct 2018,179.2,181.02,178.75,179.63,49097900
QQQX,09 Oct 2018,23.66,23.66,23.39,23.46,180700
QQXT,09 Oct 2018,51.39,51.57,51.08,51.22,11900
QRHC,09 Oct 2018,2.66,2.73,2.6,2.6,6900
QRTEA,09 Oct 2018,21.05,21.38,20.84,20.85,2313100
QRTEB,09 Oct 2018,20.82,20.82,20.82,20.82,100
QRVO,09 Oct 2018,73,74.66,72.67,74.34,1108600
QTEC,09 Oct 2018,75.67,75.86,75.14,75.41,217900
QTNT,09 Oct 2018,6.38,6.51,6.32,6.33,151000
QTRH,09 Oct 2018,1.36,1.36,1.26,1.28,124800
QTRX,09 Oct 2018,18.49,18.62,17.575,18.37,74600
QTT,09 Oct 2018,7.69,7.7,6.95,7.36,1088000
QUIK,09 Oct 2018,0.96,0.99,0.96,0.97,195800
QUMU,09 Oct 2018,2.73,2.73,2.63,2.63,1200
QURE,09 Oct 2018,29.18,29.91,27.71,28.22,436300
QYLD,09 Oct 2018,24.66,24.87,24.58,24.75,98500
RADA,09 Oct 2018,2.87,2.89,2.79,2.81,80600
RAIL,09 Oct 2018,17.09,17.38,16.96,17.23,26700
RAND,09 Oct 2018,2.55,2.55,2.42,2.42,1700
RARE,09 Oct 2018,74.85,75.72,71.08,71.12,662200
RARX,09 Oct 2018,15.31,15.81,14.35,14.6,290500
RAVE,09 Oct 2018,1.42,1.48,1.38,1.38,11500
RAVN,09 Oct 2018,45.88,46.87,45,46.15,157300
RBB,09 Oct 2018,24.47,24.81,24.37,24.67,40700
RBBN,09 Oct 2018,6.32,6.355,6.21,6.23,263300
RBCAA,09 Oct 2018,45.85,46.82,45.56,45.56,12900
RBCN,09 Oct 2018,8.71,8.92,8.71,8.71,1000
RBNC,09 Oct 2018,24.49,24.73,24.26,24.26,8200
RCII,09 Oct 2018,14.29,14.38,14.25,14.27,887700
RCKT,09 Oct 2018,20.85,21.18,19.68,19.94,249500
RCKY,09 Oct 2018,26.13,27.67,26.13,27.26,55100
RCM,09 Oct 2018,9.16,9.39,9.12,9.15,341200
RCMT,09 Oct 2018,4.05,4.15,3.91,3.91,14400
RCON,09 Oct 2018,1.14,1.14,1.13,1.14,43000
RDCM,09 Oct 2018,10,10.06,9.6,9.9,250700
RDFN,09 Oct 2018,16.4,16.98,16.2,16.21,534700
RDHL,09 Oct 2018,8.35,8.35,7.6,7.96,97100
RDI,09 Oct 2018,15.37,15.37,15.23,15.32,93300
RDIB,09 Oct 2018,31.58,31.72,31.58,31.72,400
RDNT,09 Oct 2018,15.58,16.54,15.35,15.46,318300
RDUS,09 Oct 2018,18.82,19.24,18.55,18.73,568600
RDVT,09 Oct 2018,6.21,6.53,6,6.35,50000
RDVY,09 Oct 2018,31.4,31.4,31.18,31.19,69500
RDWR,09 Oct 2018,23.13,23.4,22.96,23.05,155800
RECN,09 Oct 2018,18.49,18.68,18.04,18.29,261600
REDU,09 Oct 2018,11.53,11.6,11.1,11.46,62000
REFR,09 Oct 2018,1.75,1.84,1.7,1.75,39600
REGI,09 Oct 2018,27.86,28.13,27.3,27.74,609200
REGN,09 Oct 2018,394,396.64,388.68,392.53,421900
RELL,09 Oct 2018,8.6,8.79,8.5,8.5,6000
RELV,09 Oct 2018,4.96,4.97,4.9,4.9,3600
REPH,09 Oct 2018,6.96,7.1,6.79,6.94,316300
REPL,09 Oct 2018,12.43,12.43,10.79,11,58100
RESN,09 Oct 2018,3.29,3.5,3.18,3.34,436300
RETA,09 Oct 2018,66.39,67.795,64.99,65.37,282900
RETO,09 Oct 2018,3.16,3.16,2.88,2.9,6900
RFAP,09 Oct 2018,55.07,55.44,55.07,55.28,4000
RFDI,09 Oct 2018,58.84,59.37,58.84,59.29,60200
RFEM,09 Oct 2018,58.85,59.175,58.85,59,9700
RFEU,09 Oct 2018,60.57,60.68,60.36,60.66,7700
RFIL,09 Oct 2018,7.37,7.6,7.35,7.59,59500
RGCO,09 Oct 2018,27,27,26.23,26.23,5800
RGEN,09 Oct 2018,54.47,54.97,53.88,54.03,490000
RGLD,09 Oct 2018,75.7,75.88,74.29,74.7,560700
RGLS,09 Oct 2018,2.38,2.54,2.17,2.22,312700
RGNX,09 Oct 2018,63.16,66.135,63.16,63.95,377300
RIBT,09 Oct 2018,2.61,2.69,2.58,2.65,61500
RICK,09 Oct 2018,28.06,29.225,27.85,28.86,62100
RIGL,09 Oct 2018,3.25,3.3,3.09,3.16,3043000
RILY,09 Oct 2018,21.47,21.88,21.22,21.43,33700
RILYG,09 Oct 2018,25.02,25.02,24.925,25.02,3300
RILYH,09 Oct 2018,25.96,25.97,25.8,25.8,6200
RILYI,09 Oct 2018,25.12,25.15,24.94,25.1,16100
RILYL,09 Oct 2018,25.65,25.65,25.61,25.61,1200
RILYZ,09 Oct 2018,25.35,25.45,25.31,25.31,6400
RING,09 Oct 2018,14.37,14.39,14.16,14.23,554900
RIOT,09 Oct 2018,2.85,2.88,2.67,2.71,349100
RIVE,09 Oct 2018,14.01,14.01,14.01,14.01,100
RKDA,09 Oct 2018,4.68,5,4.67,4.83,70400
RMBL,09 Oct 2018,8.12,8.9,8.12,8.48,107700
RMBS,09 Oct 2018,9.7,9.8,9.61,9.68,936000
RMCF,09 Oct 2018,10.03,10.08,9.95,10.07,14200
RMNI,09 Oct 2018,6.15,6.6,6.15,6.55,15800
RMR,09 Oct 2018,85.59,85.93,84.5,84.78,32000
RMTI,09 Oct 2018,3.85,4.11,3.8,4.04,124100
RNDB,09 Oct 2018,16.2,16.78,16.2,16.23,6700
RNDM,09 Oct 2018,48.27,48.92,48.27,48.77,800
RNDV,09 Oct 2018,22.29,22.29,22.29,22.29,0
RNEM,09 Oct 2018,48.27,48.27,48.27,48.27,0
RNET,09 Oct 2018,19.4,20.5,19.38,19.66,47100
RNLC,09 Oct 2018,22.54,22.54,22.54,22.54,0
RNMC,09 Oct 2018,21.85,21.85,21.8,21.81,34600
RNSC,09 Oct 2018,22.32,22.32,22.32,22.32,0
RNST,09 Oct 2018,40.5,40.64,40.31,40.46,189400
RNWK,09 Oct 2018,2.57,2.7,2.55,2.67,18100
ROAD,09 Oct 2018,11.3,11.67,11.14,11.21,84200
ROBT,09 Oct 2018,30.1,30.38,30.1,30.12,5200
ROCK,09 Oct 2018,42.69,42.7,41.63,41.7,111600
ROIC,09 Oct 2018,18.64,18.65,18.31,18.5,719300
ROKU,09 Oct 2018,64.34,66.37,63.54,64.5,5120800
ROLL,09 Oct 2018,154.25,155.63,152.6,153.18,126400
ROSE,09 Oct 2018,6.32,6.47,6.25,6.44,261800
ROSEU,09 Oct 2018,9.5,9.5,9.5,9.5,0
ROSEW,09 Oct 2018,1.14,1.18,1.14,1.17,3400
ROST,09 Oct 2018,96.08,98.06,95.68,97.15,2465400
RP,09 Oct 2018,58.01,59.04,57.575,57.91,663600
RPD,09 Oct 2018,35.3,36.2,34.76,35.2,434000
RRGB,09 Oct 2018,39.53,40.13,39.32,39.62,220300
RRR,09 Oct 2018,23.85,24.5,23.66,24.38,793200
RTIX,09 Oct 2018,4.57,4.665,4.47,4.51,161700
RTRX,09 Oct 2018,25.97,26.44,25.39,25.87,328000
RTTR,09 Oct 2018,2.12,2.12,1.67,1.92,336100
RUBY,09 Oct 2018,16.71,17.33,16.31,16.53,95100
RUN,09 Oct 2018,12.02,12.28,11.89,12.12,1076700
RUSHA,09 Oct 2018,38.04,38.35,37.51,37.75,110600
RUSHB,09 Oct 2018,38.59,38.67,38.06,38.06,10200
RUTH,09 Oct 2018,29.87,30.54,29.75,30.02,179100
RVNC,09 Oct 2018,23.44,23.86,23.07,23.72,198800
RVSB,09 Oct 2018,8.7,8.82,8.68,8.68,19400
RWLK,09 Oct 2018,21.25,21.875,21.25,21.425,61600
RYAAY,09 Oct 2018,83.01,83.76,81.92,82.13,409300
RYTM,09 Oct 2018,25.88,26.36,25,25.09,93300
SABR,09 Oct 2018,24.33,24.56,24.08,24.46,1412100
SAEX,09 Oct 2018,7.2,9.18,6.8,7.86,1404600
SAFM,09 Oct 2018,104.55,104.55,100.17,100.36,537300
SAFT,09 Oct 2018,84.79,86.65,84.79,86.16,44800
SAGE,09 Oct 2018,134.27,136.83,126.63,127.6,556500
SAIA,09 Oct 2018,67.42,68.4,66.11,66.34,212900
SAL,09 Oct 2018,42.3,42.3,42,42,800
SALM,09 Oct 2018,3.37,3.46,3.3,3.34,41500
SAMG,09 Oct 2018,13.7,13.92,13.63,13.7,9700
SANM,09 Oct 2018,25.16,25.385,24.7,24.83,259700
SANW,09 Oct 2018,2.7,2.76,2.65,2.68,29200
SASR,09 Oct 2018,39.16,39.42,39.1,39.23,73300
SATS,09 Oct 2018,36.1644,36.1969,35.7825,36.1238,164300
SAUC,09 Oct 2018,1.47,1.47,1.34,1.35,65800
SBAC,09 Oct 2018,155.08,156.33,154.13,155.84,441600
SBBP,09 Oct 2018,4.87,5.25,4.8,5.13,634700
SBBX,09 Oct 2018,25.24,25.4,24.81,24.95,10100
SBCF,09 Oct 2018,29.48,29.84,29.38,29.47,163300
SBFG,09 Oct 2018,20.365,20.49,20.21,20.21,2200
SBFGP,09 Oct 2018,19.75,19.75,19.75,19.75,300
SBGI,09 Oct 2018,29.35,29.73,29.09,29.22,779100
SBLK,09 Oct 2018,14.35,14.35,13.995,14.14,262100
SBLKZ,09 Oct 2018,25.74,25.74,25.57,25.57,2900
SBNY,09 Oct 2018,115.72,116.96,114.74,116.41,263300
SBPH,09 Oct 2018,14.29,14.83,14,14.61,254100
SBRA,09 Oct 2018,22.49,22.77,22.38,22.7,1739700
SBSI,09 Oct 2018,34.74,35.21,34.6,35.2,177800
SBT,09 Oct 2018,11.69,11.92,11.49,11.58,55500
SBUX,09 Oct 2018,56.83,59.7,56.81,57.71,24855600
SCHL,09 Oct 2018,43.22,43.69,42.93,43.07,168500
SCHN,09 Oct 2018,26.82,27.12,26.53,26.84,260100
SCKT,09 Oct 2018,2.23,2.39,2.23,2.32,10700
SCON,09 Oct 2018,1.97,2.3,1.85,1.89,575700
SCOR,09 Oct 2018,17.83,18.245,17.78,17.91,155400
SCPH,09 Oct 2018,5.4,5.74,5.24,5.61,28700
SCSC,09 Oct 2018,37.41,38.01,37.16,37.54,67400
SCVL,09 Oct 2018,36.41,37.61,36.41,37.53,316000
SCWX,09 Oct 2018,13.19,13.44,12.6,13.19,65700
SCYX,09 Oct 2018,1.22,1.24,1.21,1.21,86900
SCZ,09 Oct 2018,59.38,59.9,59.3,59.84,844600
SDVY,09 Oct 2018,20.82,20.82,20.73,20.74,3000
SEAC,09 Oct 2018,1.69,1.75,1.68,1.7,282200
SECO,09 Oct 2018,11.43,11.52,11,11.05,73000
SEDG,09 Oct 2018,39.47,39.85,38.61,38.8,875100
SEED,09 Oct 2018,5.86,5.9,5.61,5.65,30000
SEIC,09 Oct 2018,58.93,58.93,57.85,58.25,865800
SELB,09 Oct 2018,13.25,13.755,13.11,13.34,214900
SELF,09 Oct 2018,4.21,4.21,4.03,4.17,40000
SENEA,09 Oct 2018,32.95,32.985,31.83,32.52,14800
SENEB,09 Oct 2018,32.79,32.79,32.79,32.79,0
SES,09 Oct 2018,2.18,2.28,2.15,2.15,3400
SESN,09 Oct 2018,1.83,1.85,1.77,1.81,534900
SFBC,09 Oct 2018,39.5,39.6,39.36,39.36,1300
SFBS,09 Oct 2018,38.19,38.68,38.11,38.2,122400
SFET,09 Oct 2018,9,9,9,9,100
SFIX,09 Oct 2018,25.8,26.58,25.13,25.19,4330400
SFM,09 Oct 2018,26.73,26.99,26.38,26.73,1647300
SFNC,09 Oct 2018,29.35,29.62,29.3,29.39,348400
SFST,09 Oct 2018,39.29,39.62,38.46,38.53,10600
SGA,09 Oct 2018,36.85,36.85,35.86,35.86,5200
SGBX,09 Oct 2018,4.06,4.3,3.91,4.01,3100
SGC,09 Oct 2018,18.83,19.041,18.335,18.72,17800
SGEN,09 Oct 2018,76.9,77.8,74.62,74.84,805100
SGH,09 Oct 2018,30.91,31,28.21,28.23,1533500
SGLB,09 Oct 2018,1.28,1.35,1.25,1.26,101000
SGLBW,09 Oct 2018,0.35,0.35,0.35,0.35,0
SGMA,09 Oct 2018,5.56,5.56,5.34,5.34,12200
SGMO,09 Oct 2018,14.14,14.44,13.9,14.01,1347400
SGMS,09 Oct 2018,22.52,24.92,22.07,24.67,3382500
SGOC,09 Oct 2018,0.95,1,0.934,0.935,16900
SGRP,09 Oct 2018,0.95,0.96,0.95,0.95,2600
SGRY,09 Oct 2018,15.07,15.465,15.07,15.22,171000
SHBI,09 Oct 2018,18.21,18.23,17.98,18.12,41200
SHEN,09 Oct 2018,38.48,39.41,37.54,39.08,110300
SHIP,09 Oct 2018,13.35,13.35,13.05,13.2,48900
SHIPW,09 Oct 2018,0.09,0.09,0.09,0.09,0
SHLO,09 Oct 2018,9.11,9.19,8.55,8.65,105300
SHOO,09 Oct 2018,33.0667,33.4567,32.3233,32.5067,565100
SHSP,09 Oct 2018,12.24,13.54,12,12.1,32100
SHV,09 Oct 2018,110.31,110.31,110.28,110.31,2452200
SHY,09 Oct 2018,82.9,82.91,82.88,82.9,2939000
SIC,09 Oct 2018,10.37,10.485,10.25,10.26,7400
SIEB,09 Oct 2018,13.59,13.82,13.39,13.47,12100
SIEN,09 Oct 2018,21.72,22.3,21.07,21.77,287700
SIFY,09 Oct 2018,1.37,1.37,1.31,1.35,121000
SIGA,09 Oct 2018,5.55,5.59,5.35,5.37,99700
SIGI,09 Oct 2018,60.82,62.65,60.82,62.52,213400
SILC,09 Oct 2018,39.97,40.13,39.525,39.95,54300
SIMO,09 Oct 2018,50.25,50.41,47.57,48.86,512300
SINA,09 Oct 2018,63.94,64.36,62.27,62.64,1440000
SINO,09 Oct 2018,1.01,1.025,1,1.02,141200
SIRI,09 Oct 2018,6.22,6.28,6.16,6.18,27215700
SITO,09 Oct 2018,1.7,1.855,1.7,1.7,163000
SIVB,09 Oct 2018,317.41,318.48,314.92,316.05,276500
SKOR,09 Oct 2018,48.57,48.57,48.57,48.57,0
SKYS,09 Oct 2018,0.62,0.62,0.56,0.57,39000
SKYW,09 Oct 2018,52.86,53.26,52.3,52.68,267500
SKYY,09 Oct 2018,53.7,54.13,53.45,53.9,206000
SLAB,09 Oct 2018,83.54,84.68,83.2,84,273300
SLCT,09 Oct 2018,12.44,12.44,12.37,12.39,24500
SLDB,09 Oct 2018,37.07,38.61,35.3,35.31,115000
SLGL,09 Oct 2018,7.2,7.37,6.91,7.25,8000
SLGN,09 Oct 2018,27.36,27.36,26.89,27.1,1112600
SLIM,09 Oct 2018,35.3,35.3,35.24,35.24,1000
SLM,09 Oct 2018,10.83,10.87,10.63,10.74,3134700
SLMBP,09 Oct 2018,68.71,68.81,68.7,68.81,1700
SLNO,09 Oct 2018,1.99,2.09,1.99,2.09,2100
SLNOW,09 Oct 2018,0.1,0.1,0.1,0.1,0
SLP,09 Oct 2018,19.9,20.25,19.7,19.99,47800
SLQD,09 Oct 2018,49.43,49.48,49.42,49.47,300500
SLRC,09 Oct 2018,20.7,21.27,20.675,21.26,148900
SLS,09 Oct 2018,1.28,1.39,1.17,1.35,816500
SLVO,09 Oct 2018,6.55,6.57,6.55,6.57,700
SMBC,09 Oct 2018,36.39,37.79,36.39,37.45,10800
SMBK,09 Oct 2018,23.76,23.99,23.75,23.76,12000
SMCP,09 Oct 2018,25.15,25.15,25.15,25.15,100
SMED,09 Oct 2018,3.2,3.33,3.125,3.25,42000
SMIT,09 Oct 2018,2.91,2.91,2.8,2.8,6500
SMMF,09 Oct 2018,24.4,24.58,23.94,24.09,11300
SMMT,09 Oct 2018,2.1,2.1,2.03,2.04,13000
SMPL,09 Oct 2018,18.14,18.38,18.04,18.04,608000
SMRT,09 Oct 2018,2.22,2.32,2.22,2.27,91800
SMSI,09 Oct 2018,2.45,2.59,2.41,2.45,82000
SMTC,09 Oct 2018,51.62,52.45,50.45,50.76,641600
SMTX,09 Oct 2018,2.77,2.81,2.64,2.79,14400
SNBR,09 Oct 2018,35.41,35.41,33.1,33.17,675900
SNCR,09 Oct 2018,6.38,6.5,6.2,6.39,287400
SND,09 Oct 2018,4.34,4.49,4.31,4.44,239100
SNDE,09 Oct 2018,6.4,6.75,5.76,6.55,60700
SNDX,09 Oct 2018,7.34,7.38,6.945,7.01,342800
SNES,09 Oct 2018,0.764,0.812,0.69,0.715,233800
SNFCA,09 Oct 2018,5.7,5.73,5.61,5.61,9900
SNGX,09 Oct 2018,1.9,1.93,1.57,1.61,471400
SNGXW,09 Oct 2018,0.36,0.36,0.36,0.36,100
SNH,09 Oct 2018,16.9,17.06,16.76,16.94,1189300
SNHNI,09 Oct 2018,24.07,24.1,23.55,23.76,12500
SNHNL,09 Oct 2018,25.07,25.35,25.07,25.22,6700
SNLN,09 Oct 2018,18.29,18.3,18.25,18.26,2237600
SNNA,09 Oct 2018,14.03,15.05,13.89,14.84,158900
SNOA,09 Oct 2018,15.57,17.73,15.39,17.01,71600
SNOAW,09 Oct 2018,0.05,0.06,0.05,0.05,92700
SNPS,09 Oct 2018,91.09,92.16,90.45,90.85,1277400
SNSR,09 Oct 2018,18.87,19.01,18.87,18.93,28000
SNSS,09 Oct 2018,2.21,2.23,2.105,2.11,93200
SOCL,09 Oct 2018,29.83,30.25,29.83,30,70000
SOHO,09 Oct 2018,7.28,7.28,7.03,7.03,28600
SOHOB,09 Oct 2018,25.11,25.11,25.11,25.11,0
SOHOO,09 Oct 2018,25.085,25.085,25.085,25.085,300
SOHU,09 Oct 2018,17.06,17.21,16.17,16.22,910300
SOLO,09 Oct 2018,2.81,2.95,2.65,2.65,29000
SOLOW,09 Oct 2018,0.36,0.38,0.36,0.36,1300
SONA,09 Oct 2018,16.28,16.45,16.26,16.36,36000
SONO,09 Oct 2018,14.18,14.29,13.39,13.6,709800
SORL,09 Oct 2018,3.88,3.99,3.85,3.86,62700
SOXX,09 Oct 2018,175.29,176.95,174.97,176.06,536500
SP,09 Oct 2018,34.17,34.8,33.33,33.43,55100
SPAR,09 Oct 2018,13.58,13.975,13,13.01,136900
SPCB,09 Oct 2018,1.72,1.75,1.72,1.72,25900
SPEX,09 Oct 2018,4.675,4.675,4.2925,4.2925,117100
SPHS,09 Oct 2018,2.35,2.4,2.27,2.28,282400
SPI,09 Oct 2018,0.29,0.32,0.28,0.29,347800
SPKE,09 Oct 2018,8.45,8.73,8.26,8.34,68200
SPKEP,09 Oct 2018,23.15,23.395,22.98,23.395,23100
SPLK,09 Oct 2018,104.98,108.24,103.01,104.18,2164400
SPNE,09 Oct 2018,17.91,18.21,17.61,17.72,36300
SPNS,09 Oct 2018,12.28,12.49,12.12,12.46,26300
SPOK,09 Oct 2018,15.25,15.645,15.055,15.5,67100
SPPI,09 Oct 2018,15.58,15.86,14.86,14.99,1064400
SPRO,09 Oct 2018,10.39,10.58,10.01,10.24,79200
SPRT,09 Oct 2018,2.72,2.76,2.72,2.72,12500
SPSC,09 Oct 2018,90.59,92.32,89.19,89.38,139200
SPTN,09 Oct 2018,18.98,19.175,18.17,18.23,190400
SPWH,09 Oct 2018,5.29,5.42,5.21,5.33,146600
SPWR,09 Oct 2018,6.78,6.89,6.69,6.77,1118500
SQBG,09 Oct 2018,1.55,1.61,1.53,1.53,287700
SQLV,09 Oct 2018,29.12,29.16,29.02,29.05,1100
SQQQ,09 Oct 2018,49.64,49.98,48.08,49.28,25380400
SRAX,09 Oct 2018,3.48,3.75,3.25,3.48,495900
SRCE,09 Oct 2018,53.5,53.5,52.56,52.65,19000
SRCL,09 Oct 2018,53.98,54.31,53.63,54.12,662100
SRDX,09 Oct 2018,63.35,65.88,63.35,64.47,127800
SRET,09 Oct 2018,14.81,14.85,14.77,14.83,84500
SREV,09 Oct 2018,2.7,2.81,2.69,2.7,334000
SRNE,09 Oct 2018,4,4.05,3.86,3.97,1283900
SRPT,09 Oct 2018,129.84,132.75,127.6,129.17,697000
SRRA,09 Oct 2018,1.65,1.69,1.6,1.63,278200
SRRK,09 Oct 2018,21.94,21.94,19.6,19.8,24000
SRTS,09 Oct 2018,7.95,8.09,7.5,7.69,46200
SRTSW,09 Oct 2018,2.19,2.19,2.19,2.19,0
SSB,09 Oct 2018,81.66,82.6,81.445,81.65,93900
SSBI,09 Oct 2018,14.89,14.89,14.5,14.55,7300
SSKN,09 Oct 2018,3.18,3.29,3,3.04,269000
SSNC,09 Oct 2018,53.24,54.04,52.73,53.09,1383900
SSNT,09 Oct 2018,3.68,3.68,3.65,3.65,1100
SSP,09 Oct 2018,16.77,17.03,16.68,16.81,448400
SSRM,09 Oct 2018,8.99,9.09,8.83,8.87,605000
SSTI,09 Oct 2018,42.38,43.64,41.37,41.94,178400
SSYS,09 Oct 2018,21.76,22.12,21.48,21.76,236700
STAA,09 Oct 2018,41.02,41.905,40.92,41.63,608500
STAF,09 Oct 2018,2,2,1.9,1.93,28800
STAY,09 Oct 2018,19.13,19.2,18.96,19.02,962100
STBA,09 Oct 2018,42.27,42.94,42.27,42.85,88900
STCN,09 Oct 2018,2.17,2.2,2.16,2.16,135600
STFC,09 Oct 2018,30.85,32.34,30.85,32.18,47000
STIM,09 Oct 2018,27.1,27.62,26.84,27.36,44900
STKL,09 Oct 2018,7.13,7.22,7.1,7.16,263900
STKS,09 Oct 2018,3.59,3.68,3.59,3.63,39800
STLD,09 Oct 2018,45.11,45.3,44.78,44.83,2003800
STML,09 Oct 2018,17.02,17.375,17,17.16,118400
STMP,09 Oct 2018,217.36,223.08,211.48,213.43,324400
STND,09 Oct 2018,31.25,31.29,30.61,30.61,4600
STNL,09 Oct 2018,9.83,9.83,9.83,9.83,0
STNLU,09 Oct 2018,10.32,10.32,10.32,10.32,0
STNLW,09 Oct 2018,1.25,1.25,1.25,1.25,0
STRA,09 Oct 2018,127.53,130.55,127.53,129.56,118200
STRL,09 Oct 2018,13.1,13.3,13.03,13.15,62000
STRM,09 Oct 2018,1.16,1.2,1.06,1.1,51500
STRO,09 Oct 2018,14.21,14.98,14.21,14.85,36600
STRS,09 Oct 2018,30.31,30.575,29.76,29.82,11400
STRT,09 Oct 2018,35.36,36.05,32.85,32.87,15500
STX,09 Oct 2018,45.43,45.64,43.53,44,4961100
STXB,09 Oct 2018,21.48,21.535,21.47,21.5,5300
SUMR,09 Oct 2018,1.42,1.45,1.39,1.39,20800
SUNS,09 Oct 2018,16.54,16.72,16.49,16.72,36100
SUNW,09 Oct 2018,3.01,3.22,2.94,2.94,83000
SUPN,09 Oct 2018,46.82,47.87,46.59,47.17,399800
SURF,09 Oct 2018,8.84,9.14,8.55,8.69,117300
SUSB,09 Oct 2018,24.435,24.435,24.411,24.411,1700
SUSC,09 Oct 2018,23.93,23.95,23.93,23.95,700
SVBI,09 Oct 2018,8.75,8.75,8.75,8.75,800
SVMK,09 Oct 2018,14.07,14.07,12.64,12.85,1181500
SVRA,09 Oct 2018,10.26,10.665,10.146,10.56,114700
SVVC,09 Oct 2018,15.57,15.95,15.56,15.95,27900
SWIR,09 Oct 2018,18.58,18.81,18.43,18.62,163700
SWKS,09 Oct 2018,87.7,88.7,87.3,88.52,1084600
SYBT,09 Oct 2018,35.75,36.24,35.75,35.87,25100
SYBX,09 Oct 2018,12.2,12.76,12.16,12.21,135700
SYKE,09 Oct 2018,29.96,30.53,29.88,30.35,140400
SYNA,09 Oct 2018,38.95,39.33,38.41,38.49,524000
SYNC,09 Oct 2018,2.14,2.21,2.02,2.13,21100
SYNH,09 Oct 2018,48.54,49.775,47.46,47.82,563000
SYNL,09 Oct 2018,22.27,22.6,21.51,21.9,14700
SYPR,09 Oct 2018,1.45,1.47,1.38,1.38,20100
SYRS,09 Oct 2018,8.18,8.82,8.03,8.4,132400
TA,09 Oct 2018,4.87,4.98,4.75,4.82,235600
TACO,09 Oct 2018,11.38,11.66,11.38,11.51,203800
TACOW,09 Oct 2018,2.1,2.1,2.1,2.1,0
TACT,09 Oct 2018,14.29,14.73,14.29,14.45,11000
TAIT,09 Oct 2018,1.82,1.83,1.81,1.81,6000
TANH,09 Oct 2018,1.66,1.78,1.64,1.75,266600
TANNI,09 Oct 2018,24.56,24.63,24.45,24.59,8800
TANNL,09 Oct 2018,24.42,24.64,24.42,24.64,10600
TANNZ,09 Oct 2018,24.5,24.59,24.4,24.55,11300
TAOP,09 Oct 2018,1.25,1.3,1.18,1.29,100400
TAST,09 Oct 2018,14.4,14.57,14.12,14.33,149700
TATT,09 Oct 2018,6.79,6.8,6.66,6.72,3700
TAYD,09 Oct 2018,11.25,11.25,11.11,11.11,2000
TBBK,09 Oct 2018,9.52,9.61,9.47,9.5,146800
TBIO,09 Oct 2018,8.87,8.87,8.53,8.56,32100
TBK,09 Oct 2018,37.89,38.83,37.29,37.95,157500
TBNK,09 Oct 2018,29.5,29.61,29.3,29.41,9400
TBPH,09 Oct 2018,32.51,32.78,31.12,31.2,227800
TCBI,09 Oct 2018,82.79,82.86,81.345,82.19,252900
TCBIL,09 Oct 2018,25.38,25.46,25.38,25.46,1200
TCBIP,09 Oct 2018,25.27,25.27,25.2,25.23,9900
TCBK,09 Oct 2018,37.66,38.3,37.55,37.62,54500
TCCO,09 Oct 2018,4.44,4.52,4.36,4.41,4900
TCDA,09 Oct 2018,27.4,28.79,27.01,27.67,69800
TCFC,09 Oct 2018,33.04,33.42,33.04,33.3,14500
TCMD,09 Oct 2018,62.28,64.09,61.8,62.2,120200
TCON,09 Oct 2018,1.93,1.94,1.87,1.87,57800
TCPC,09 Oct 2018,14.17,14.25,14.16,14.22,266400
TCRD,09 Oct 2018,7.92,8.02,7.9,8.02,64600
TCX,09 Oct 2018,54.88,55.21,54.55,54.95,63400
TDAC,09 Oct 2018,9.81,9.81,9.81,9.81,0
TDACU,09 Oct 2018,10.1,10.1,10.1,10.1,0
TDACW,09 Oct 2018,0.3,0.3,0.3,0.3,0
TDIV,09 Oct 2018,37.37,37.581,37.312,37.405,58900
TEAM,09 Oct 2018,80.68,83.85,80.51,81.29,1699900
TECD,09 Oct 2018,70.25,72.26,69.5,71.47,446300
TECH,09 Oct 2018,188.77,190.02,187.45,188.53,159300
TEDU,09 Oct 2018,7.57,7.78,7.47,7.55,101700
TELL,09 Oct 2018,9.06,9.4,8.95,9.35,1178400
TENB,09 Oct 2018,34.6,35.44,33.66,33.95,286100
TENX,09 Oct 2018,4.94,5.19,4.93,5.15,4200
TERP,09 Oct 2018,11.26,11.43,11.105,11.17,454300
TESS,09 Oct 2018,14.71,14.98,14.37,14.69,10100
TFSL,09 Oct 2018,14.8,14.99,14.795,14.93,141900
TGA,09 Oct 2018,3.2,3.41,3.14,3.35,157000
TGEN,09 Oct 2018,3.24,3.24,3.1,3.1,3000
TGLS,09 Oct 2018,9.88,9.9,9.57,9.57,29600
TGTX,09 Oct 2018,5.26,5.9,5.16,5.61,1459400
THFF,09 Oct 2018,51.87,52.52,51.735,52.26,20400
THRM,09 Oct 2018,43.5,43.88,42.36,42.7,364400
TIBR,09 Oct 2018,9.68,9.68,9.67,9.67,6600
TIBRU,09 Oct 2018,10.15,10.15,10.15,10.15,7100
TIBRW,09 Oct 2018,0.52,0.53,0.51,0.52,11600
TILE,09 Oct 2018,21.96,22.125,21.21,21.37,343300
TIPT,09 Oct 2018,6.26,6.41,6.22,6.25,25200
TITN,09 Oct 2018,16.18,16.33,15.81,16,143200
TIVO,09 Oct 2018,12.38,12.61,12.33,12.34,597600
TKKS,09 Oct 2018,9.5,9.51,9.5,9.51,221800
TKKSR,09 Oct 2018,0.4,0.4,0.4,0.4,200
TKKSU,09 Oct 2018,10.11,10.11,10.11,10.11,0
TKKSW,09 Oct 2018,0.24,0.24,0.24,0.24,0
TLF,09 Oct 2018,7.26,7.32,7.2,7.2,5500
TLGT,09 Oct 2018,3.42,3.5,3.3,3.34,281000
TLND,09 Oct 2018,66.24,66.8,62.81,63.48,242600
TLRY,09 Oct 2018,143,143,127,128.96,4703100
TLT,09 Oct 2018,113.14,113.85,113.07,113.8,11530800
TMCX,09 Oct 2018,9.82,9.82,9.81,9.82,20800
TMCXU,09 Oct 2018,10.27,10.27,10.27,10.27,0
TMCXW,09 Oct 2018,0.48,0.48,0.48,0.48,0
TMDI,09 Oct 2018,2.2,2.22,2.14,2.16,71500
TMSR,09 Oct 2018,2.15,2.15,2.08,2.08,2200
TMUS,09 Oct 2018,68.77,69.35,68.24,68.46,3237100
TNAV,09 Oct 2018,5.17,5.28,5.11,5.13,41100
TNDM,09 Oct 2018,34.42,35.87,34.11,34.97,1542100
TNXP,09 Oct 2018,6,6.25,5.9,5.95,356700
TOCA,09 Oct 2018,12.72,14.46,12.59,14.08,891500
TOPS,09 Oct 2018,22.4,22.8,21.4,22,264500
TORC,09 Oct 2018,12.69,12.85,12.08,12.45,188800
TOTA,09 Oct 2018,9.75,9.75,9.75,9.75,0
TOUR,09 Oct 2018,6.72,7.23,6.55,6.6,22000
TOWN,09 Oct 2018,30.59,31.2,30.54,30.72,104600
TPIC,09 Oct 2018,26.05,26.215,25.29,25.62,357700
TQQQ,09 Oct 2018,63.67,65.6,63.19,64.08,13036200
TRCB,09 Oct 2018,17.05,17.06,16.78,16.81,11700
TRCH,09 Oct 2018,0.925,0.965,0.92,0.92,32200
TREE,09 Oct 2018,217.43,221.01,213.18,217.03,161500
TRHC,09 Oct 2018,72.85,78.24,72.66,76.22,324000
TRIB,09 Oct 2018,3.93,3.98,3.8,3.9,58100
TRIL,09 Oct 2018,4.29,4.3,3.72,3.91,387400
TRIP,09 Oct 2018,49.71,49.76,47.2,47.8,5051300
TRMB,09 Oct 2018,41.15,41.35,40.55,41.24,965000
TRMD,09 Oct 2018,6.6,6.6,6.6,6.6,0
TRMK,09 Oct 2018,34.1,34.44,33.93,34.29,290100
TRMT,09 Oct 2018,11.36,11.36,10.71,10.71,3300
TRNS,09 Oct 2018,21.62,21.8,21.12,21.35,18600
TROV,09 Oct 2018,5.16,5.22,4.86,4.89,2121400
TROW,09 Oct 2018,108.63,109.2,107.71,107.99,1559500
TRPX,09 Oct 2018,5.73,5.76,4.75,5.24,350000
TRS,09 Oct 2018,29.98,30.41,29.455,29.8,302400
TRST,09 Oct 2018,8.29,8.4,8.25,8.33,254700
TRUE,09 Oct 2018,13.21,13.43,13.15,13.33,506600
TRUP,09 Oct 2018,30.07,31.76,29.9,30.37,296000
TRVG,09 Oct 2018,5.2,5.29,5.02,5.04,451700
TRVN,09 Oct 2018,1,1.45,0.97,1.07,40194700
TSBK,09 Oct 2018,33.07,33.27,32.43,32.55,7200
TSC,09 Oct 2018,28.1,28.15,27.76,27.99,214700
TSCAP,09 Oct 2018,26.15,26.25,25.86,25.86,1700
TSCO,09 Oct 2018,88.63,90.63,87.69,89.04,1551000
TSEM,09 Oct 2018,20.91,21.26,20.55,21.12,843300
TSG,09 Oct 2018,22.63,22.97,22.47,22.86,677400
TSLA,09 Oct 2018,255.25,266.77,253.3,262.8,12060500
TSRI,09 Oct 2018,6.97,6.97,6.96,6.96,900
TTD,09 Oct 2018,133.2,135.95,128.75,128.92,902200
TTEC,09 Oct 2018,25.39,26.165,24.87,25.28,125300
TTEK,09 Oct 2018,67.44,68.58,67.385,68.27,206500
TTGT,09 Oct 2018,19.08,20.02,19.08,19.88,581300
TTMI,09 Oct 2018,14.6,14.71,14.3,14.48,1017100
TTNP,09 Oct 2018,1.38,1.38,1.2,1.32,4568300
TTOO,09 Oct 2018,5.84,6,5.5,5.69,606000
TTPH,09 Oct 2018,50.4,52,48.2,50.4,816100
TTS,09 Oct 2018,6.53,6.75,6.31,6.33,297000
TTWO,09 Oct 2018,126.73,130,124.38,127.95,1602300
TUES,09 Oct 2018,3.15,3.25,3.13,3.16,44800
TUR,09 Oct 2018,22.66,22.99,22.57,22.95,764400
TURN,09 Oct 2018,2.14,2.24,2.11,2.24,15900
TUSA,09 Oct 2018,35.16,35.16,34.78,34.96,1900
TUSK,09 Oct 2018,29.5,30.14,28.86,29,347200
TVIX,09 Oct 2018,31.44,32.37,29.37,30.95,15187800
TVTY,09 Oct 2018,32.71,33.28,32.56,33.1,320900
TWIN,09 Oct 2018,23,23.23,22.51,22.52,31100
TWMC,09 Oct 2018,18.2,18.4,18,18,20000
TWNK,09 Oct 2018,10.94,11.09,10.87,11.06,650300
TWNKW,09 Oct 2018,1.03,1.03,1.02,1.02,24100
TWOU,09 Oct 2018,69.24,71.3,69.24,70.01,521200
TXMD,09 Oct 2018,5.85,6.01,5.81,6,2989500
TXN,09 Oct 2018,101.93,103.15,101.55,102.87,6041600
TXRH,09 Oct 2018,66.96,68.51,66.96,67.53,779200
TYHT,09 Oct 2018,0.91,0.94,0.86,0.93,109900
TYME,09 Oct 2018,2.32,2.39,2.28,2.33,94200
TZACU,09 Oct 2018,10.08,10.09,10.08,10.08,51900
TZOO,09 Oct 2018,12.09,12.38,11.88,12.08,101900
UAE,09 Oct 2018,15.1,15.13,15.1,15.13,900
UAL,09 Oct 2018,83.71,84.41,81.28,81.43,4287200
UBCP,09 Oct 2018,13.34,13.5,13.07,13.07,2900
UBFO,09 Oct 2018,11.1,11.3,11.1,11.11,8500
UBIO,09 Oct 2018,37,38.06,36.8,37.1,14800
UBOH,09 Oct 2018,23.05,23.15,23.05,23.05,900
UBSI,09 Oct 2018,36.06,36.25,35.83,36.09,387800
UBX,09 Oct 2018,13.49,14.03,13.38,13.92,68400
UCBI,09 Oct 2018,27.75,27.93,27.57,27.64,479900
UCFC,09 Oct 2018,9.38,9.53,9.36,9.37,203500
UCTT,09 Oct 2018,11.88,12,11.36,11.45,501300
UEIC,09 Oct 2018,35.97,37,35.52,35.63,62700
UEPS,09 Oct 2018,7.61,7.86,7.57,7.76,449100
UFCS,09 Oct 2018,49.06,50.51,48.75,50.22,62000
UFPI,09 Oct 2018,35.14,35.14,34.3,34.31,423900
UFPT,09 Oct 2018,35.48,35.95,35.235,35.53,10200
UG,09 Oct 2018,16.2,16.2,16.02,16.04,2400
UGLD,09 Oct 2018,7.77,7.83,7.69,7.82,417500
UHAL,09 Oct 2018,348.85,348.85,344.13,346.04,26200
UIHC,09 Oct 2018,20.31,20.97,20.31,20.84,105300
ULBI,09 Oct 2018,7.69,7.98,7.65,7.73,11100
ULH,09 Oct 2018,36.1,36.48,35.71,35.88,152700
ULTA,09 Oct 2018,274.32,278,272.67,275.68,703000
UMBF,09 Oct 2018,72.24,72.9,71.96,72.46,122800
UMPQ,09 Oct 2018,21.03,21.1,20.82,20.84,1635300
UMRX,09 Oct 2018,9.89,10.38,9.72,10.25,120400
UNAM,09 Oct 2018,6.85,6.85,6.85,6.85,100
UNB,09 Oct 2018,52.75,52.75,52.05,52.05,2300
UNIT,09 Oct 2018,19,19.45,18.93,19.44,904600
UNTY,09 Oct 2018,21.64,21.64,21.5,21.5,9400
UONE,09 Oct 2018,2.56,2.56,2.56,2.56,0
UONEK,09 Oct 2018,2.13,2.24,2.09,2.1,12900
UPLD,09 Oct 2018,35.18,35.84,34.65,35.02,156500
UPWK,09 Oct 2018,20,20.3,19.7,19.94,1244400
URBN,09 Oct 2018,39.55,40.68,39.53,39.88,1782800
URGN,09 Oct 2018,44.77,45.13,42.97,44.25,32900
UROV,09 Oct 2018,12.91,12.99,12.525,12.73,72800
USAK,09 Oct 2018,18.61,19.12,17.98,17.99,65300
USAP,09 Oct 2018,25.28,25.855,24.73,25.45,41600
USAU,09 Oct 2018,1.12,1.15,1.08,1.12,86700
USCR,09 Oct 2018,41.36,42.24,40.7,40.75,302500
USEG,09 Oct 2018,0.99,1.03,0.98,1,8700
USIG,09 Oct 2018,52.86,52.97,52.86,52.92,147100
USLB,09 Oct 2018,32.46,32.46,32.3,32.46,12000
USLM,09 Oct 2018,77.3,79.16,77.17,78.52,6800
USLV,09 Oct 2018,6.13,6.22,6.03,6.2,2160900
USMC,09 Oct 2018,28.06,28.08,28,28.04,2700
USOI,09 Oct 2018,30.59,30.6,30.57,30.57,300
UTHR,09 Oct 2018,126.83,127,124.67,125.17,247400
UTMD,09 Oct 2018,89.6,93.82,89.58,93.4,10900
UTSI,09 Oct 2018,3.94,3.98,3.87,3.87,13500
UVSP,09 Oct 2018,26.37,26.63,26.29,26.32,49900
UXIN,09 Oct 2018,6.18,6.32,5.73,5.82,355700
VALU,09 Oct 2018,24.495,24.92,24.495,24.92,1000
VALX,09 Oct 2018,28.33,28.33,28.33,28.33,100
VBFC,09 Oct 2018,34.62,34.62,34.23,34.25,2900
VBIV,09 Oct 2018,2.31,2.44,2.15,2.2,119200
VBLT,09 Oct 2018,1.6,1.67,1.58,1.66,118000
VBTX,09 Oct 2018,30.62,30.84,29.92,29.99,810800
VC,09 Oct 2018,89.21,89.215,85.94,86.31,497100
VCEL,09 Oct 2018,13.42,13.84,13.27,13.45,648200
VCIT,09 Oct 2018,82.57,82.64,82.52,82.56,2603200
VCLT,09 Oct 2018,85.67,85.95,85.61,85.92,144800
VCNX,09 Oct 2018,6.92,6.96,6.625,6.89,3700
VCSH,09 Oct 2018,77.81,77.84,77.79,77.79,1422200
VCTR,09 Oct 2018,8.76,9.07,8.76,8.98,38900
VCYT,09 Oct 2018,9.53,10.03,9.53,9.83,372100
VECO,09 Oct 2018,10.02,10.11,9.82,9.85,487400
VEON,09 Oct 2018,2.86,2.9,2.83,2.84,852900
VERI,09 Oct 2018,9.06,9.3,8.87,9.11,75000
VERU,09 Oct 2018,1.38,1.43,1.33,1.37,119900
VETS,09 Oct 2018,27.48,27.48,27.48,27.48,0
VGIT,09 Oct 2018,61.58,61.66,61.57,61.65,215200
VGLT,09 Oct 2018,69.67,70.1,69.67,70.06,256500
VGSH,09 Oct 2018,59.58,59.6,59.57,59.58,329400
VIA,09 Oct 2018,35.48,36.39,35.48,36.19,31900
VIAB,09 Oct 2018,32.74,33.62,32.58,32.82,3312500
VIAV,09 Oct 2018,12.14,12.29,12.03,12.06,2002800
VICR,09 Oct 2018,41.24,41.72,40.27,40.35,302400
VIGI,09 Oct 2018,61.22,61.73,61.03,61.555,164900
VIIX,09 Oct 2018,12.43,12.6,12,12.33,140500
VIOT,09 Oct 2018,8.75,9.08,8.32,8.34,376100
VIRC,09 Oct 2018,4.4,4.41,4.31,4.31,4200
VIRT,09 Oct 2018,22.3,22.39,21.58,21.7,924300
VIVE,09 Oct 2018,303,317,297,315,290400
VIVO,09 Oct 2018,14.58,14.725,14.355,14.52,151000
VKTX,09 Oct 2018,14.51,15.42,14.45,14.57,3052100
VKTXW,09 Oct 2018,13.07,13.75,13,13.03,12700
VLGEA,09 Oct 2018,25.89,25.89,24.87,24.94,27500
VLRX,09 Oct 2018,29.8,30,28,29,338400
VMBS,09 Oct 2018,50.41,50.55,50.4,50.51,1935800
VNDA,09 Oct 2018,22.96,23.44,22.72,22.81,626800
VNET,09 Oct 2018,9.55,10.18,9.53,9.77,971200
VNOM,09 Oct 2018,42.04,42.79,41.62,41.81,382000
VNQI,09 Oct 2018,54,54.42,53.98,54.37,320200
VOD,09 Oct 2018,19.98,20.065,19.82,19.84,8900000
VONE,09 Oct 2018,131.53,132.04,131.43,131.55,23000
VONG,09 Oct 2018,154.92,156.12,154.71,155.1,53500
VONV,09 Oct 2018,111.15,111.43,110.71,110.98,186700
VOXX,09 Oct 2018,5.4,5.95,5.305,5.76,198500
VRA,09 Oct 2018,13.98,14.4,13.91,14.05,407400
VRAY,09 Oct 2018,9.14,9.395,8.7,8.71,1140800
VRCA,09 Oct 2018,14.07,14.91,14.01,14.33,32000
VREX,09 Oct 2018,27,27.4,26.73,26.82,375900
VRIG,09 Oct 2018,25.13,25.13,25.12,25.12,113000
VRML,09 Oct 2018,0.64,0.64,0.575,0.581,155500
VRNA,09 Oct 2018,13.37,13.42,12.4,12.6,10200
VRNS,09 Oct 2018,64.24,66.19,63.41,63.51,367800
VRNT,09 Oct 2018,45.94,47.34,45.71,46.81,456200
VRSK,09 Oct 2018,119.32,121.18,119.32,120.57,860800
VRSN,09 Oct 2018,150.78,151.98,147.45,148.02,1091700
VRTS,09 Oct 2018,113.94,117.95,112.36,113.06,45100
VRTSP,09 Oct 2018,100.76,100.76,99.24,100,6000
VRTU,09 Oct 2018,52.61,52.99,51.75,52.64,93400
VRTX,09 Oct 2018,185.34,187.96,184.78,185.66,1087200
VSAT,09 Oct 2018,63.26,63.79,62.72,62.83,294900
VSDA,09 Oct 2018,31.115,31.115,31.115,31.115,0
VSEC,09 Oct 2018,31.62,32.93,31.62,31.93,26200
VSMV,09 Oct 2018,30.2,30.2,30.2,30.2,900
VSTM,09 Oct 2018,6.66,6.95,6.66,6.86,1906100
VTC,09 Oct 2018,80.035,80.113,80.035,80.113,900
VTGN,09 Oct 2018,1.88,1.9,1.66,1.74,586700
VTHR,09 Oct 2018,131.41,131.67,131.36,131.47,4500
VTIP,09 Oct 2018,48.27,48.31,48.27,48.3,1387400
VTIQ,09 Oct 2018,9.57,9.6,9.56,9.57,21100
VTIQU,09 Oct 2018,10.13,10.13,10.13,10.13,1000
VTIQW,09 Oct 2018,0.61,0.61,0.61,0.61,0
VTNR,09 Oct 2018,1.75,1.84,1.72,1.78,362500
VTSI,09 Oct 2018,5.1,5.215,5.05,5.06,9000
VTVT,09 Oct 2018,2.94,4.2,2.94,3.29,13172000
VTWG,09 Oct 2018,146.62,148.03,145.9,145.9,18400
VTWO,09 Oct 2018,129.81,130.57,129.31,129.46,62400
VTWV,09 Oct 2018,113.15,113.48,112.94,113.07,3900
VUZI,09 Oct 2018,7,7.3,6.76,6.96,870300
VVPR,09 Oct 2018,1.36,1.42,1.33,1.33,7900
VVUS,09 Oct 2018,4.38,4.56,4.38,4.45,64900
VWOB,09 Oct 2018,74.63,74.8,74.54,74.8,78300
VXRT,09 Oct 2018,4.66,4.67,3.91,4.1,304200
VXUS,09 Oct 2018,51.85,52.25,51.72,52.16,821200
VYGR,09 Oct 2018,16.75,17.82,16.58,16.73,264500
VYMI,09 Oct 2018,60.83,61.38,60.76,61.27,130900
WABC,09 Oct 2018,60.61,61.55,60.61,61,64700
WAFD,09 Oct 2018,31.83,32.28,31.71,31.87,342500
WASH,09 Oct 2018,56.85,57.1,56.65,56.73,32600
WATT,09 Oct 2018,8.94,9.15,8.85,9.09,325300
WB,09 Oct 2018,62.11,63.74,61.045,61.08,3445600
WBA,09 Oct 2018,73.56,73.82,72.91,73.56,5194700
WBND,09 Oct 2018,24.9,24.9,24.9,24.9,0
WDAY,09 Oct 2018,131.55,134.27,129.79,131.67,2920000
WDC,09 Oct 2018,55.55,55.64,53.58,54.42,4040800
WDFC,09 Oct 2018,162.09,163.82,161.61,161.99,47200
WEBK,09 Oct 2018,33.5,33.5,32.6,32.6,2300
WEN,09 Oct 2018,17.33,17.46,17.26,17.46,2603800
WERN,09 Oct 2018,34.24,34.95,33.985,34.06,769000
WETF,09 Oct 2018,8,8.2,7.84,7.89,1908600
WEYS,09 Oct 2018,29.85,31.99,29.85,31.47,16200
WHF,09 Oct 2018,13.61,13.82,13.61,13.82,45700
WHLM,09 Oct 2018,6.75,6.83,6.75,6.83,500
WHLR,09 Oct 2018,4.35,4.43,4.25,4.25,15200
WHLRD,09 Oct 2018,20.24,21.68,20.1,20.97,5000
WHLRP,09 Oct 2018,18.4,18.5,18.36,18.36,1700
WIFI,09 Oct 2018,33.49,34.59,32.45,32.5,722300
WILC,09 Oct 2018,6.84,6.89,6.7,6.89,10500
WINA,09 Oct 2018,158.22,160,158.22,160,7300
WING,09 Oct 2018,70.75,72.26,69.42,69.66,541500
WINS,09 Oct 2018,45,45,45,45,700
WIRE,09 Oct 2018,47.42,48.175,47.26,47.51,115000
WISA,09 Oct 2018,4.43,4.44,4.25,4.25,14100
WIX,09 Oct 2018,99.45,103.19,98.03,99.58,822500
WKHS,09 Oct 2018,1.15,1.18,1.06,1.08,471200
WLDN,09 Oct 2018,32.46,33.32,32.2,32.88,127300
WLFC,09 Oct 2018,34.32,34.97,34.32,34.58,12500
WLTW,09 Oct 2018,142.57,144.03,141.84,142.59,473600
WMGI,09 Oct 2018,27.69,28.1,27.14,27.19,1354600
WNEB,09 Oct 2018,10.72,10.84,10.58,10.75,29100
WOOD,09 Oct 2018,72.01,72.03,70.98,71.13,50700
WPRT,09 Oct 2018,3.05,3.08,2.84,3,1264800
WRLD,09 Oct 2018,105.21,105.85,103.615,104.27,43300
WRLS,09 Oct 2018,9.96,9.96,9.96,9.96,2000
WRLSR,09 Oct 2018,0.42,0.42,0.42,0.42,0
WRLSU,09 Oct 2018,10.57,10.57,10.57,10.57,0
WRLSW,09 Oct 2018,0.5,0.5,0.5,0.5,0
WSBC,09 Oct 2018,43.39,43.72,43.26,43.35,133300
WSBF,09 Oct 2018,17.16,17.29,17.1,17.14,38400
WSC,09 Oct 2018,17.77,17.86,17.61,17.61,470700
WSFS,09 Oct 2018,47.81,48.3,47.69,48.07,228300
WSTG,09 Oct 2018,13,13.17,13,13.03,900
WSTL,09 Oct 2018,2.75,2.76,2.64,2.64,20500
WTBA,09 Oct 2018,23.88,23.88,23.35,23.43,14100
WTFC,09 Oct 2018,86.66,87.695,86.31,87.26,366000
WTFCM,09 Oct 2018,25.92,26.34,25.86,25.91,4600
WVE,09 Oct 2018,42.75,44.17,41.515,43.34,295600
WVFC,09 Oct 2018,16.105,16.105,16.105,16.105,0
WVVI,09 Oct 2018,7.95,7.95,7.82,7.86,2400
WVVIP,09 Oct 2018,4.45,4.45,4.45,4.45,0
WWD,09 Oct 2018,78.3,79.01,77.2,77.45,168300
WWR,09 Oct 2018,11,11.5,10.5,11.5,642700
WYNN,09 Oct 2018,115.88,119.58,115.595,118.96,2643100
XBIO,09 Oct 2018,29.76,30.24,29.4,29.64,5300
XBIT,09 Oct 2018,3.2,3.45,3.2,3.3,36300
XEL,09 Oct 2018,48.82,49.3,48.7,49.01,3519600
XELA,09 Oct 2018,6.75,7.02,6.75,6.92,172300
XELB,09 Oct 2018,2.07,2.09,1.95,1.95,12400
XENE,09 Oct 2018,10.83,10.99,10.31,10.66,293000
XENT,09 Oct 2018,28.4,29.73,28.4,29.33,232100
XERS,09 Oct 2018,19.81,21.25,19.38,19.93,139500
XLNX,09 Oct 2018,77.15,78.52,77,77.65,1732300
XLRN,09 Oct 2018,51.8,53.01,50.04,50.3,354900
XNCR,09 Oct 2018,35.02,35.72,34.21,34.32,249900
XNET,09 Oct 2018,5.95,5.95,5.52,5.59,540000
XOG,09 Oct 2018,10.63,11.025,10.47,10.85,2082100
XOMA,09 Oct 2018,16.63,16.72,16.2,16.24,24400
XON,09 Oct 2018,16.01,16.4,15.52,15.76,1220700
XONE,09 Oct 2018,9.82,9.99,9.56,9.71,109500
XPER,09 Oct 2018,14.25,14.53,14.18,14.23,322900
XRAY,09 Oct 2018,35.97,36.11,35.59,35.75,1841600
XSPA,09 Oct 2018,3.2,3.8,3,3.6,1243000
XT,09 Oct 2018,37.34,37.49,37.18,37.34,96400
XTLB,09 Oct 2018,2.05,2.3,2.05,2.3,11400
YGYI,09 Oct 2018,7.8,10.95,7.33,10.16,5752200
YI,09 Oct 2018,11.86,11.86,10.26,11.15,77100
YIN,09 Oct 2018,5.21,5.49,4.82,4.83,44700
YLCO,09 Oct 2018,11.71,11.72,11.67,11.67,7700
YLDE,09 Oct 2018,28.81,28.81,28.81,28.81,0
YMAB,09 Oct 2018,24,25.28,22.4,22.55,106500
YNDX,09 Oct 2018,33.03,33.67,33.03,33.33,2957300
YORW,09 Oct 2018,30.73,31.3,30.47,30.93,21100
YRCW,09 Oct 2018,9.3,9.61,9.26,9.52,394700
YTEN,09 Oct 2018,1.43,1.44,1.4,1.41,7700
YTRA,09 Oct 2018,5.49,5.595,5.32,5.48,128300
YVR,09 Oct 2018,3.95,4.35,3.75,3.75,526600
YY,09 Oct 2018,71.99,72.5,69.9,71.43,1294000
Z,09 Oct 2018,40.7,41.185,39.31,39.45,2149800
ZAGG,09 Oct 2018,14.19,14.45,13.905,14.07,287400
ZBIO,09 Oct 2018,15.1,15.1,14.91,15.09,5000
ZBRA,09 Oct 2018,158.43,161.29,155.37,157.38,458400
ZEAL,09 Oct 2018,14.79,15.09,14.79,14.94,4500
ZEUS,09 Oct 2018,19.92,20.3,19.72,19.79,57800
ZFGN,09 Oct 2018,10.06,10.43,10.01,10.1,99200
ZG,09 Oct 2018,40.64,41.1,39.31,39.49,1048300
ZGNX,09 Oct 2018,42.19,42.91,40.05,40.95,784100
ZION,09 Oct 2018,51.91,52.01,51.45,51.67,1524500
ZIONW,09 Oct 2018,19.43,19.66,19.21,19.46,27100
ZIOP,09 Oct 2018,2.82,2.86,2.59,2.72,2873300
ZIV,09 Oct 2018,76.65,78.19,75.87,77.17,127400
ZIXI,09 Oct 2018,5.32,5.43,5.32,5.41,105800
ZKIN,09 Oct 2018,3.09,3.2,3,3.02,12100
ZLAB,09 Oct 2018,17.44,17.61,17.18,17.45,340100
ZN,09 Oct 2018,1.11,1.17,1.09,1.13,352400
ZNGA,09 Oct 2018,3.86,4.5,3.83,4.36,65172000
ZS,09 Oct 2018,36.19,37.2,35.63,35.73,1039500
ZSAN,09 Oct 2018,4.11,4.15,4.01,4.04,47400
ZUMZ,09 Oct 2018,24.39,24.87,24.32,24.75,242000
ZYNE,09 Oct 2018,7.39,7.75,7.35,7.59,270100
